A kezdő táblázat
9,3,5,9,2,
5,9,9,2,6,
6,5,9,7,2,
1,8,6,8,7,
9,6,1,2,7,
3,3,9,5,6,
9,5,7,2,3,
6,5,5,1,8,
5,5,9,1,7,
1,9,9,4,7,

A megoldás :
9,7,4,5,3,6,0,1,2,8,
A végeredmény a sorhoz : 308

A kezdő táblázat
9,3,5,9,2,
5,9,9,2,6,
6,5,9,7,2,
1,8,6,8,7,
9,6,1,2,7,
3,3,9,5,6,
9,5,7,2,3,
6,5,5,1,8,
5,5,9,1,7,
1,9,9,4,7,

A megoldás :
9,7,4,5,3,6,0,1,2,8,
A végeredmény a sorhoz : 308

A kezdő táblázat
8,9,1,7,1,4,3,4,6,6,
1,8,6,4,8,1,6,3,5,1,
3,9,8,8,1,5,4,5,5,3,
2,3,7,5,8,4,3,3,5,2,
4,8,6,2,1,4,7,7,7,3,
1,5,6,2,3,3,6,1,2,4,
6,4,4,5,6,2,7,4,4,5,
9,9,8,8,5,4,9,5,7,8,
8,7,5,2,4,3,9,3,6,3,
1,7,1,9,4,7,7,3,6,8,

A megoldás :
5,3,1,6,8,9,7,2,4,0,
A végeredmény a sorhoz : 287

A kezdő táblázat
9,4,7,9,7,9,1,1,8,9,3,9,2,1,4,4,4,8,2,8,
2,5,6,4,6,7,3,1,6,5,6,8,2,5,3,8,2,2,4,6,
3,4,1,3,4,8,3,8,2,7,6,2,8,9,7,6,9,6,8,3,
9,9,2,3,3,5,9,1,4,6,7,2,3,5,5,5,1,7,8,3,
4,1,6,9,3,7,5,7,9,8,5,1,6,6,6,3,2,2,3,3,
1,8,3,4,9,4,8,8,8,3,9,7,2,6,4,6,2,3,7,6,
6,9,5,9,8,6,6,7,9,3,8,5,6,8,1,5,9,7,5,8,
7,1,6,1,8,9,4,8,2,4,2,7,5,5,9,5,8,4,4,2,
4,9,8,5,9,9,3,2,8,6,7,4,2,5,3,2,5,2,5,6,
4,2,3,8,2,9,6,9,2,2,4,5,4,9,9,7,6,4,8,8,

A megoldás :
5,9,7,2,4,1,6,0,8,3,
A végeredmény a sorhoz : 242

A kezdő táblázat
3,2,2,7,2,
1,8,4,4,8,
6,4,8,2,8,
6,6,3,7,9,
7,4,7,8,6,
5,6,6,6,6,
9,8,4,1,2,
8,8,3,3,6,
2,1,2,4,3,
5,7,7,7,7,
3,8,5,7,8,
7,1,1,6,9,
6,9,2,8,3,
1,6,7,6,8,
2,3,2,5,6,
5,9,3,1,4,
7,9,9,1,4,
6,2,4,7,1,
3,3,2,2,7,
5,7,5,4,4,

A megoldás :
13,2,14,10,6,11,1,18,8,0,19,4,5,15,17,3,9,12,16,7,
A végeredmény a sorhoz : 899

A kezdő táblázat
7,5,2,3,6,4,5,8,1,2,
9,1,3,5,3,1,8,6,4,2,
5,4,7,3,3,1,8,6,6,4,
8,9,3,5,4,7,6,6,3,2,
9,4,9,2,6,7,2,5,5,6,
8,5,7,3,4,1,2,9,8,5,
1,2,8,4,2,9,9,5,2,9,
9,8,6,9,4,7,3,7,3,2,
4,7,5,3,6,7,9,7,5,3,
3,2,8,4,2,6,6,9,5,5,
8,7,7,5,6,4,4,6,6,4,
6,1,4,2,2,4,5,9,2,2,
7,9,6,9,7,4,5,4,6,7,
5,9,3,4,5,8,3,6,2,8,
2,8,9,3,9,2,7,6,9,9,
7,3,5,8,7,5,9,3,7,1,
9,1,5,3,4,9,8,9,9,5,
2,8,6,4,1,6,2,8,7,9,
1,9,1,7,6,2,5,2,3,7,
5,5,1,6,5,1,7,2,7,6,

A megoldás :
6,9,17,11,18,1,19,14,13,0,15,2,8,10,5,3,16,12,4,7,
A végeredmény a sorhoz : 1075

A kezdő táblázat
8,3,1,7,4,7,1,1,2,5,2,5,8,2,2,2,8,5,6,8,
4,3,4,2,6,4,9,1,9,2,2,5,1,4,3,3,5,5,4,8,
2,9,4,4,8,7,5,9,5,4,8,1,3,6,8,4,2,3,3,1,
1,3,6,2,9,3,3,1,4,2,8,4,5,4,9,8,4,8,5,2,
8,8,3,8,1,8,2,9,8,4,1,4,1,3,7,1,1,9,5,9,
5,5,5,4,7,6,6,6,7,7,2,2,2,9,8,5,8,1,2,7,
2,7,6,7,6,9,1,7,8,6,6,2,9,2,7,1,3,4,7,7,
9,9,2,9,7,5,5,2,6,9,6,4,2,4,5,7,7,2,5,9,
9,8,2,9,5,7,6,4,5,8,5,9,9,9,3,9,2,5,8,8,
3,5,8,5,4,6,3,1,2,5,7,2,2,8,1,8,2,6,4,7,
3,9,2,5,8,7,6,2,6,6,5,9,8,5,5,4,3,2,1,4,
6,1,3,6,9,5,3,4,8,7,6,1,7,5,9,1,5,7,7,7,
7,2,8,5,6,8,3,8,5,3,1,4,7,1,6,6,4,1,5,1,
1,6,3,4,6,3,1,3,2,9,9,5,3,5,3,8,2,8,8,9,
2,3,9,1,8,6,5,3,1,4,8,1,3,1,2,2,8,3,7,4,
8,9,9,4,7,9,3,5,2,2,6,1,3,7,2,2,7,3,6,4,
3,1,3,5,6,3,2,7,4,8,8,8,3,2,7,8,1,2,2,9,
6,2,6,4,3,4,3,5,5,6,8,9,5,1,3,4,7,7,6,7,
5,6,3,9,7,3,9,7,4,8,2,1,8,9,6,4,3,5,8,1,
8,8,7,1,6,7,9,8,5,4,1,5,6,6,4,5,3,9,3,2,

A megoldás :
3,5,1,13,16,17,10,11,14,2,0,9,19,18,12,6,15,4,7,8,
A végeredmény a sorhoz : 896

A kezdő táblázat
6,7,7,8,8,
4,5,2,4,7,
1,1,5,1,8,
2,6,2,9,4,
4,8,4,5,5,
6,6,9,2,6,
3,8,7,3,3,
4,2,1,2,1,
3,9,4,4,6,
3,7,2,3,3,
4,4,7,7,6,
1,2,1,5,3,
7,6,9,8,4,
6,6,9,3,8,
5,4,8,4,3,
2,9,9,3,8,
4,4,5,8,3,
1,7,1,5,2,
9,1,2,8,8,
9,9,6,6,1,
1,7,9,3,5,
9,4,1,4,7,
9,5,9,6,5,
6,3,9,9,5,
8,1,6,5,8,
1,3,2,7,1,
7,5,9,4,6,
7,1,8,4,9,
2,8,3,6,2,
9,8,5,8,1,
6,7,8,5,1,
9,4,4,1,7,
8,2,6,2,4,
9,7,2,1,6,
2,1,3,2,4,
4,4,1,1,7,
5,7,1,8,9,
6,3,2,7,5,
3,8,5,9,8,
8,5,1,5,8,
4,5,4,9,7,
5,3,2,3,1,
1,7,1,2,3,
8,5,1,1,5,
9,1,8,3,7,
6,4,3,4,6,
8,8,2,9,8,
7,1,3,7,7,
4,7,8,3,4,
8,5,2,2,9,

A megoldás :
2,17,34,11,14,10,42,35,7,41,1,16,9,27,47,38,32,25,13,45,20,36,30,31,3,24,40,6,33,37,23,8,12,15,18,49,48,43,4,5,21,28,26,39,0,44,46,22,19,29,
A végeredmény a sorhoz : 5695

A kezdő táblázat
9,5,2,4,8,5,1,4,5,1,
2,2,7,4,5,7,9,9,7,2,
5,6,2,1,2,1,2,1,7,4,
5,7,5,8,7,1,2,4,8,6,
8,3,7,4,9,7,2,3,6,7,
8,1,5,1,4,4,1,3,5,8,
9,7,4,5,9,3,7,4,8,4,
8,9,4,2,3,3,6,4,2,7,
2,3,9,6,4,5,3,5,6,9,
8,2,5,8,3,8,1,1,6,6,
4,2,2,4,6,1,7,9,4,4,
3,4,2,8,4,7,8,2,4,2,
5,3,4,4,6,8,1,7,5,9,
8,5,2,5,3,8,6,4,2,5,
8,2,5,1,8,3,4,5,8,9,
2,1,9,3,3,7,4,4,3,4,
5,4,2,1,6,1,3,5,9,6,
6,9,8,7,6,4,7,9,8,4,
7,6,1,6,4,6,1,8,3,7,
3,1,6,4,1,3,9,5,1,4,
4,1,2,3,2,1,4,9,7,8,
4,5,3,2,5,2,3,1,1,7,
8,4,4,3,4,5,1,1,5,1,
2,4,4,9,4,8,8,7,3,2,
4,9,1,1,8,7,6,7,8,5,
3,1,1,3,4,9,6,4,2,1,
2,7,9,9,3,6,9,2,7,9,
2,2,6,6,3,6,6,2,5,3,
5,1,2,2,4,5,8,8,7,6,
2,8,9,8,5,9,3,8,8,2,
2,7,6,2,5,4,1,5,9,8,
3,5,4,4,5,6,5,9,7,8,
3,7,7,8,3,8,4,4,2,7,
8,6,1,7,7,9,4,7,2,3,
9,6,9,6,3,9,5,2,4,5,
7,1,1,3,1,5,4,5,9,6,
7,9,6,7,1,1,2,7,7,1,
5,2,2,2,9,5,5,9,1,5,
8,6,9,8,5,3,7,5,9,8,
7,4,3,1,2,2,2,1,2,9,
5,7,2,5,2,9,8,6,3,7,
6,6,6,4,3,3,9,9,6,4,
8,5,5,4,4,2,7,1,7,6,
9,3,6,9,7,2,2,6,9,8,
6,2,9,3,9,1,5,4,1,7,
1,2,9,1,5,5,5,4,6,8,
8,3,6,3,5,3,1,6,6,9,
1,6,2,6,8,5,7,3,9,5,
4,3,2,6,7,6,6,8,4,5,
3,2,2,5,7,2,7,2,9,2,

A megoldás :
49,15,47,26,39,19,24,37,20,27,16,21,28,31,23,1,2,22,12,11,45,25,48,10,30,35,8,29,44,7,18,3,14,32,41,38,42,4,40,33,13,17,9,6,36,34,43,46,0,5,
A végeredmény a sorhoz : 5422

A kezdő táblázat
9,8,1,3,6,1,6,6,1,1,4,1,1,3,9,9,1,4,5,3,
2,1,6,4,9,9,3,7,3,8,5,5,9,9,2,6,4,2,6,5,
8,9,8,2,6,6,1,8,6,8,7,2,2,7,7,5,8,8,7,5,
5,2,3,1,2,1,2,2,7,8,7,4,1,7,3,9,1,7,1,4,
2,7,1,3,1,1,5,1,3,3,1,8,5,8,8,1,6,4,7,2,
4,3,2,7,1,6,5,9,1,3,9,4,6,6,8,8,4,6,3,5,
9,3,1,2,4,8,5,2,1,6,6,3,1,5,5,2,3,1,6,1,
8,7,7,2,8,5,2,2,7,9,1,2,7,8,9,1,3,1,6,4,
8,8,4,7,4,4,8,5,6,8,5,3,2,2,2,4,6,7,3,4,
5,5,7,3,3,9,5,8,3,1,7,1,2,2,5,6,1,1,4,1,
3,7,6,8,8,2,8,3,5,2,6,5,6,8,6,7,9,1,6,2,
1,9,7,9,5,6,5,3,9,1,5,2,1,2,8,7,9,7,9,4,
3,2,1,2,5,1,6,4,7,2,1,9,6,5,3,2,6,9,1,8,
3,8,9,6,1,8,6,9,4,8,7,7,9,7,2,5,2,3,9,1,
1,3,9,7,1,4,7,6,1,3,9,8,2,3,5,6,3,2,7,3,
6,8,4,2,3,9,8,8,6,6,6,2,6,7,4,6,9,6,6,8,
3,1,2,7,1,9,7,1,5,7,7,2,9,3,8,4,7,9,2,6,
5,2,8,9,7,7,4,4,8,7,7,5,7,3,2,1,5,2,1,6,
5,9,7,7,1,1,5,1,9,5,6,3,6,7,4,2,7,3,8,1,
9,4,1,2,6,9,1,5,3,3,6,3,5,2,4,5,7,3,2,4,
7,4,7,4,9,8,8,5,5,6,5,8,2,9,3,1,8,3,7,3,
7,5,3,7,1,6,2,6,1,6,2,5,5,6,6,5,5,6,8,7,
7,6,9,6,9,6,2,5,7,7,3,9,7,4,1,9,7,5,5,6,
7,4,5,4,4,6,1,7,1,2,1,4,5,9,5,7,8,9,6,6,
6,6,2,2,8,5,7,2,3,6,5,7,2,3,8,3,6,3,9,9,
9,5,9,4,2,5,3,8,4,8,9,9,4,2,1,1,5,5,3,6,
7,1,1,6,4,4,6,6,6,2,7,3,6,2,8,9,8,7,2,8,
5,1,8,8,1,4,8,3,7,2,3,1,2,8,3,7,7,3,3,4,
2,2,2,4,8,9,3,6,3,5,9,2,7,3,4,4,1,5,9,6,
8,6,3,1,6,8,3,5,1,6,6,8,8,7,1,1,7,3,1,5,
8,7,5,6,5,5,4,8,2,1,4,3,7,2,5,3,1,3,1,3,
3,3,5,8,4,1,6,7,9,3,8,1,6,8,7,2,3,7,5,8,
6,2,4,9,3,1,2,5,5,3,2,8,5,1,1,2,9,5,6,2,
7,5,6,1,3,4,9,4,6,2,7,5,9,5,5,8,7,2,4,3,
2,3,4,9,6,8,8,7,8,9,7,6,5,8,5,1,4,2,1,6,
8,4,4,3,7,2,5,9,2,4,5,1,3,8,6,3,5,3,8,5,
8,7,3,2,8,3,3,7,4,8,5,2,6,9,5,5,7,1,6,8,
7,9,3,1,4,5,9,9,3,4,6,4,2,7,5,7,9,2,3,2,
6,4,5,3,2,8,4,7,6,8,3,5,9,7,9,8,6,5,9,7,
1,6,8,3,4,9,8,7,4,8,8,8,3,2,3,9,7,9,6,2,
7,3,6,6,3,8,9,1,2,6,1,7,8,9,4,7,1,8,5,5,
3,7,2,2,9,4,1,9,7,8,4,8,5,4,9,6,4,6,7,7,
5,7,3,8,3,8,7,5,9,5,9,2,4,6,5,4,4,2,6,5,
7,1,8,9,5,4,1,4,7,2,3,6,8,2,2,3,2,7,9,5,
6,2,9,8,5,4,4,9,6,8,6,4,6,3,2,8,3,8,2,5,
9,1,1,7,1,2,4,3,1,9,2,6,7,6,1,4,3,1,9,2,
2,3,5,8,3,2,9,9,4,7,2,8,2,1,9,8,7,7,7,9,
5,2,9,6,3,4,1,2,3,7,2,6,3,6,9,7,6,5,9,5,
4,1,7,9,6,1,4,1,6,5,5,5,7,5,1,5,2,7,1,8,
5,9,3,1,4,4,1,3,6,3,4,1,5,2,5,1,5,6,2,4,

A megoldás :
4,5,1,41,12,46,33,28,3,16,11,24,14,15,38,34,47,49,31,9,29,6,42,40,39,26,48,18,23,10,37,27,36,32,13,2,8,20,21,17,35,44,43,0,7,22,25,30,45,19,
A végeredmény a sorhoz : 5921

A kezdő táblázat
9,7,1,9,2,
3,4,7,3,7,
6,6,2,1,7,
5,5,3,9,4,
4,7,7,3,9,
6,2,9,7,2,
1,8,7,3,6,
5,9,4,4,4,
2,9,1,5,7,
3,2,4,6,1,
3,4,2,2,1,
8,3,3,5,2,
8,6,9,4,7,
9,1,7,3,1,
6,8,7,3,4,
5,3,9,4,1,
9,2,4,2,9,
4,7,8,1,1,
2,6,1,1,3,
2,3,4,2,6,
3,6,5,7,5,
9,6,1,5,9,
4,1,8,6,6,
9,2,4,5,3,
1,7,7,5,2,
9,4,9,6,5,
9,2,1,5,3,
4,1,2,5,7,
9,7,1,5,1,
2,6,8,2,8,
7,9,1,3,1,
9,1,2,8,2,
3,2,4,2,4,
3,8,2,1,7,
8,8,4,3,3,
4,2,7,2,8,
5,4,9,2,3,
6,3,5,6,2,
5,3,8,7,7,
9,1,7,7,7,
8,3,6,9,5,
1,3,7,2,4,
2,7,4,1,2,
1,2,9,1,4,
5,5,8,9,7,
4,2,6,6,3,
9,8,5,5,2,
6,1,6,5,1,
6,9,5,7,3,
7,7,7,3,3,
9,3,2,7,3,
2,2,6,1,6,
8,5,6,7,3,
6,7,8,9,6,
4,3,8,7,4,
1,9,4,2,5,
1,3,8,6,6,
6,5,1,7,7,
7,8,8,4,5,
6,2,1,4,2,
3,8,3,3,4,
7,7,1,4,5,
1,2,7,2,1,
9,5,3,4,1,
6,2,5,8,3,
7,9,2,6,7,
8,2,7,9,5,
1,4,8,7,8,
2,2,7,5,9,
9,3,5,5,6,
4,3,7,8,7,
5,9,6,7,8,
2,4,9,7,4,
7,7,6,5,4,
2,6,4,1,5,
6,7,3,7,6,
8,2,6,8,8,
4,2,3,6,3,
7,1,5,4,9,
8,6,6,4,9,
9,4,8,2,6,
8,8,8,4,7,
7,8,3,9,1,
9,7,4,5,1,
9,4,9,7,8,
1,9,1,8,1,
8,6,4,1,4,
5,2,2,7,4,
1,4,7,3,4,
5,9,1,3,4,
1,7,9,4,7,
2,9,7,6,9,
5,7,9,3,4,
9,4,7,2,5,
9,9,7,9,1,
9,3,7,5,6,
1,7,1,2,5,
3,1,9,3,8,
9,3,4,6,3,
1,3,3,9,4,

A megoldás :
97,72,42,10,32,99,30,51,11,56,2,77,96,45,67,27,18,29,6,28,78,26,22,41,85,19,61,35,23,9,98,43,8,88,57,74,1,59,70,24,16,21,7,31,33,68,62,66,90,87,60,3,17,86,71,38,89,95,79,50,49,20,4,73,64,48,15,37,82,58,55,5,63,91,47,93,65,54,75,46,76,36,53,92,12,83,0,13,69,44,14,94,80,39,81,40,52,34,84,25,
A végeredmény a sorhoz : 23362

A kezdő táblázat
9,9,1,7,7,3,3,8,3,8,
9,3,5,4,9,3,4,2,4,4,
4,6,6,8,7,7,3,9,5,6,
6,4,6,6,9,2,9,8,3,4,
7,7,1,4,1,6,9,9,5,4,
1,9,4,8,8,4,1,7,6,4,
1,6,8,2,3,1,7,9,7,5,
8,7,9,9,2,8,4,1,7,3,
9,4,8,2,7,2,8,8,4,5,
7,2,9,3,3,5,3,6,2,2,
3,9,6,2,3,5,7,8,7,9,
3,9,5,7,8,1,1,7,7,3,
2,4,5,8,5,3,6,1,5,3,
4,5,7,9,6,4,3,6,9,2,
7,6,1,7,9,7,3,8,3,4,
9,6,9,4,1,4,6,1,1,5,
6,7,4,4,3,4,5,2,1,3,
6,4,6,1,8,2,5,7,6,5,
7,2,5,6,4,1,9,5,4,8,
3,2,2,1,5,4,4,1,5,5,
7,7,8,5,7,2,5,1,1,4,
8,1,2,7,8,1,2,3,9,6,
4,8,5,2,5,9,3,3,1,2,
6,8,8,8,8,2,1,6,8,8,
9,4,8,8,2,6,8,5,6,7,
2,6,2,5,3,2,8,4,3,7,
3,2,7,9,4,9,9,8,7,5,
9,3,4,9,9,6,9,9,1,8,
8,9,8,4,9,9,4,5,5,7,
7,1,7,8,7,1,6,3,2,3,
7,7,9,2,2,6,8,7,8,9,
7,5,9,9,6,9,1,4,6,7,
8,7,9,5,4,2,4,3,1,9,
8,6,4,4,6,1,2,8,7,7,
3,3,9,3,8,6,8,8,2,7,
6,2,9,4,3,1,2,5,4,7,
7,8,9,2,4,3,2,3,4,4,
7,4,3,5,7,4,6,3,7,3,
5,5,4,1,8,6,8,1,6,6,
9,8,3,2,6,4,8,5,8,5,
1,1,8,1,7,6,2,1,6,5,
3,5,5,2,4,1,9,2,8,7,
9,1,1,9,6,2,6,1,3,9,
3,9,3,3,3,1,2,5,3,3,
2,1,8,6,3,4,8,4,8,9,
5,7,1,9,6,8,8,9,2,2,
5,8,7,6,2,9,7,7,7,6,
5,8,8,9,7,3,3,1,7,1,
7,8,8,7,1,6,2,4,1,2,
2,9,6,8,8,7,9,9,2,7,
4,5,1,3,7,2,5,8,6,4,
9,1,9,9,1,3,2,4,5,3,
6,6,3,8,4,3,2,1,9,9,
6,2,3,6,6,2,6,9,1,4,
3,3,8,1,8,4,4,2,4,6,
5,1,9,6,8,2,8,5,3,2,
9,6,7,8,5,7,5,6,8,2,
6,9,8,1,4,2,1,7,3,7,
9,5,4,5,6,5,4,5,8,9,
5,2,6,2,5,5,1,3,7,3,
7,6,1,6,5,2,4,3,4,7,
4,8,7,7,7,1,2,9,7,7,
7,4,2,1,3,4,5,6,5,5,
9,4,6,8,6,6,2,5,8,5,
1,8,5,6,5,4,1,6,5,3,
7,7,8,8,1,1,9,2,3,8,
3,2,5,8,8,8,7,4,6,5,
8,4,6,8,1,7,3,4,3,8,
8,4,9,6,7,2,7,1,5,1,
4,9,7,5,7,8,6,8,7,1,
1,2,6,9,1,7,9,5,9,2,
8,6,5,1,8,8,7,7,1,8,
8,4,5,6,3,7,5,8,5,5,
6,6,1,7,5,7,9,6,5,5,
2,4,4,5,2,7,9,3,3,9,
7,1,5,3,1,5,4,8,6,9,
7,1,7,3,8,6,1,8,6,9,
2,9,3,2,7,1,7,2,5,4,
7,6,2,7,8,9,9,2,3,8,
9,1,8,5,2,5,6,5,7,2,
8,1,4,2,5,4,4,7,6,7,
2,9,2,9,8,1,5,1,2,8,
8,7,2,9,8,8,5,5,1,5,
7,1,2,2,9,2,6,2,7,7,
1,9,1,4,3,7,8,6,2,7,
9,3,9,9,5,4,7,8,7,5,
7,3,9,8,5,6,3,5,3,8,
8,1,8,7,2,9,9,3,2,4,
4,5,8,7,4,8,1,5,6,7,
6,3,7,2,4,3,1,8,9,4,
8,9,3,8,9,8,8,8,9,1,
8,1,5,1,3,3,8,5,2,7,
4,4,7,9,9,2,1,6,6,1,
9,6,5,5,8,4,2,8,9,5,
4,7,7,7,7,9,5,5,7,6,
3,6,8,8,4,5,4,1,4,6,
1,8,3,3,2,1,1,7,5,8,
1,2,1,1,4,7,5,9,4,1,
1,6,6,3,2,4,5,8,4,4,
5,4,5,7,5,6,8,7,1,7,

A megoldás :
70,40,97,19,84,26,98,77,74,17,21,59,62,50,66,6,53,5,91,83,94,43,25,44,3,64,78,54,10,73,79,60,1,12,38,80,99,22,75,41,81,52,72,34,96,67,88,4,63,89,46,18,13,69,92,39,31,71,16,37,95,2,47,76,61,11,8,45,35,49,33,20,0,9,14,29,55,36,90,30,57,82,87,23,86,56,65,7,28,48,32,58,15,42,93,85,68,27,51,24,
A végeredmény a sorhoz : 24466

A kezdő táblázat
7,9,1,6,1,8,2,7,6,4,6,6,1,4,6,8,2,5,6,3,
1,3,4,5,9,8,2,2,4,5,4,2,5,9,3,6,4,5,7,2,
8,6,1,5,2,6,2,6,1,8,2,4,7,9,3,8,3,5,3,8,
6,3,9,7,9,1,9,6,4,3,1,3,3,5,5,7,9,8,3,9,
7,4,9,6,8,8,2,7,4,5,5,6,1,4,8,4,5,6,8,7,
1,1,2,5,2,9,2,4,9,1,5,7,5,8,7,6,7,5,2,1,
6,3,8,4,2,1,7,5,5,7,2,9,1,2,5,7,8,7,5,7,
3,5,5,6,9,8,5,8,6,8,5,7,8,6,2,2,1,8,8,1,
5,8,2,4,3,2,3,8,5,3,3,7,2,4,5,6,5,6,2,3,
8,9,5,4,7,8,6,1,7,6,6,8,9,5,1,5,9,3,3,9,
4,2,4,6,4,2,8,1,8,8,5,4,4,6,5,6,9,5,2,3,
3,2,3,9,6,9,2,1,1,3,8,9,6,7,3,6,8,1,3,3,
4,8,6,7,8,4,2,5,4,4,4,5,8,8,7,5,7,1,9,4,
7,8,2,8,6,2,8,2,9,5,2,9,5,7,1,6,8,9,7,5,
5,9,6,7,2,7,7,4,9,3,7,4,6,5,4,6,4,2,1,9,
5,6,8,2,4,1,1,8,7,5,8,3,8,9,4,3,9,2,1,4,
5,6,6,7,7,9,2,8,8,8,5,4,3,4,1,9,6,6,4,5,
4,7,4,6,9,5,3,8,6,3,6,3,7,6,8,2,2,4,4,9,
1,8,8,2,5,1,1,5,3,1,1,8,9,6,8,3,9,5,3,9,
2,8,2,5,6,4,8,9,9,5,3,7,2,1,7,7,4,2,9,3,
9,3,2,2,2,7,4,5,6,6,8,5,5,7,4,9,4,7,8,1,
6,5,5,4,3,3,1,3,6,5,2,2,8,5,5,7,1,9,8,6,
6,6,4,4,3,6,4,6,2,5,2,2,1,4,4,9,6,7,8,1,
5,3,8,2,4,5,9,2,4,9,4,6,6,6,1,1,7,6,3,1,
3,6,7,6,4,9,5,8,9,6,9,3,1,4,9,6,2,9,4,1,
2,7,2,9,7,1,7,3,6,6,8,1,6,3,8,7,5,4,6,6,
7,2,2,3,7,2,9,9,8,9,2,4,9,1,5,7,4,2,7,7,
2,7,4,2,8,6,9,6,4,4,1,4,4,6,7,9,1,4,1,4,
1,1,3,2,8,9,1,2,8,3,7,1,1,9,4,2,5,2,8,4,
4,3,9,8,4,8,3,5,7,8,4,4,6,1,3,2,4,5,1,3,
9,6,9,1,6,3,6,5,2,9,4,8,6,6,6,2,4,4,4,5,
5,9,1,3,3,5,5,2,7,4,3,6,4,4,4,3,4,7,9,5,
9,3,1,3,4,6,1,9,6,5,3,5,1,2,9,3,3,2,9,1,
9,6,7,9,6,8,8,3,3,3,1,5,5,6,5,6,1,1,6,1,
1,3,9,3,1,5,9,7,4,4,8,1,3,7,8,3,1,5,3,5,
6,7,2,6,7,6,3,6,5,1,5,1,8,9,2,6,9,6,5,5,
5,5,9,4,8,9,3,8,9,6,3,6,6,9,6,1,7,5,7,5,
8,1,2,9,9,6,4,6,5,9,2,8,4,1,2,1,9,9,8,6,
9,9,6,1,9,8,5,2,4,1,2,2,4,8,6,9,3,6,3,3,
3,4,2,1,3,2,8,3,7,7,5,5,9,9,1,6,1,1,9,8,
2,7,4,1,3,2,7,9,3,9,1,1,9,6,7,2,3,1,9,2,
8,8,1,9,2,1,5,1,3,7,7,7,3,9,1,7,3,1,7,2,
6,8,4,7,4,3,2,9,4,3,2,9,8,7,6,4,7,3,7,7,
1,9,4,1,1,6,2,4,9,9,2,8,3,3,1,8,9,9,2,5,
7,1,6,8,2,8,9,3,1,3,1,1,3,1,9,5,3,8,5,7,
6,8,5,8,2,9,4,6,6,4,1,3,4,1,1,4,2,1,7,7,
6,8,3,9,1,9,1,6,4,9,9,8,8,4,7,4,4,3,1,3,
1,9,5,3,9,3,8,7,8,9,7,7,4,7,9,6,2,4,8,6,
3,7,8,7,2,8,3,4,4,4,9,4,4,6,3,5,8,6,7,3,
2,9,2,5,6,8,6,2,9,5,3,6,1,4,1,6,7,7,2,7,
9,4,8,5,9,7,5,7,7,7,4,2,4,9,9,8,4,9,2,1,
5,4,4,6,5,4,3,4,3,5,5,3,8,5,3,8,1,3,8,8,
9,6,4,9,8,6,9,2,7,1,1,3,2,9,2,9,1,7,1,1,
5,4,2,7,6,1,1,5,3,7,8,2,8,6,1,8,8,8,2,3,
6,5,4,3,2,5,8,1,5,6,4,8,6,9,1,6,3,3,2,4,
6,1,1,5,3,5,4,5,6,8,8,3,1,2,7,4,8,3,9,5,
5,2,1,8,3,4,9,7,9,7,7,8,1,5,8,4,4,9,4,8,
4,4,6,2,2,5,6,9,4,8,7,1,4,1,4,4,1,9,8,9,
3,1,8,2,2,1,2,7,1,6,7,1,8,3,6,3,2,3,8,6,
1,7,5,9,6,9,6,9,6,6,1,4,9,5,3,1,6,4,3,3,
3,8,5,4,3,9,4,3,7,1,4,8,2,2,6,3,3,5,6,6,
7,3,6,4,5,4,7,4,4,9,1,3,1,2,6,2,8,9,7,9,
2,5,9,7,6,2,5,4,4,4,5,2,9,1,3,2,4,6,6,5,
4,8,6,3,3,1,6,2,2,8,2,6,6,5,2,1,1,2,5,6,
2,6,1,9,7,9,3,9,7,5,1,7,5,8,1,2,5,4,9,9,
6,8,1,2,8,2,3,7,5,8,7,5,9,5,4,9,1,8,9,7,
8,8,7,6,9,1,1,8,9,2,1,8,3,1,7,4,2,6,9,7,
7,9,2,9,8,5,6,1,2,4,7,2,4,3,2,9,1,7,5,1,
9,2,1,1,3,1,9,6,6,4,4,6,8,2,1,5,8,3,2,7,
8,3,2,8,2,8,8,3,8,6,8,2,8,9,5,1,9,7,8,2,
4,6,7,1,1,6,9,7,3,6,2,9,2,6,7,2,6,4,2,6,
1,8,7,7,9,4,6,7,9,3,9,4,2,7,3,5,2,6,7,4,
3,1,8,7,6,5,1,6,1,9,7,7,3,6,6,8,1,2,3,7,
3,9,9,9,1,7,9,2,5,8,3,4,4,3,3,2,8,7,4,5,
4,3,9,8,4,2,4,8,3,1,8,3,7,7,2,3,7,6,4,3,
5,6,7,8,6,1,1,6,6,7,4,7,9,9,7,1,5,9,6,9,
1,6,1,8,4,7,1,9,3,6,9,1,3,3,4,6,2,5,2,4,
6,3,3,4,2,4,3,7,1,4,2,5,6,1,4,1,4,9,8,8,
1,8,3,7,1,4,3,2,3,3,3,5,1,8,3,7,5,2,1,3,
8,4,7,5,2,8,1,7,3,8,7,7,1,6,6,5,2,5,9,8,
2,1,3,8,5,9,4,6,6,4,6,5,1,6,6,2,6,2,9,7,
4,6,8,9,1,8,7,2,1,1,4,2,4,5,4,8,2,4,4,4,
8,8,5,7,2,4,9,6,4,8,1,5,9,4,6,6,3,6,9,1,
5,9,5,1,1,4,7,8,5,5,8,7,9,8,4,9,1,7,4,9,
3,7,6,4,4,4,8,4,5,6,8,4,1,2,3,6,9,5,7,6,
9,1,7,9,5,7,6,7,3,8,3,3,5,8,3,1,9,1,6,5,
1,8,6,5,1,7,3,8,3,2,5,3,1,6,3,7,9,6,6,3,
5,8,4,9,1,9,8,2,2,7,6,1,6,6,8,5,9,3,1,6,
8,6,7,5,5,5,9,6,4,5,1,5,8,4,3,6,1,8,7,8,
7,2,8,4,6,9,7,3,5,3,8,3,1,1,8,5,9,6,4,6,
1,7,9,4,9,5,2,5,5,1,7,1,8,8,8,7,2,3,4,2,
2,9,9,5,3,1,2,3,8,1,8,3,2,4,7,8,8,2,4,4,
1,8,1,6,4,3,4,9,8,2,3,8,4,2,3,2,8,9,2,4,
5,5,4,2,8,7,6,5,3,7,2,4,6,8,1,6,6,5,2,6,
1,2,5,7,8,5,4,3,2,6,3,7,5,4,3,3,5,5,4,8,
1,3,7,8,2,2,5,1,4,7,4,1,9,7,9,4,1,3,6,9,
1,7,2,3,1,2,4,2,3,7,9,4,5,7,6,8,5,6,1,2,
1,4,6,8,6,8,8,6,8,9,3,1,2,9,8,4,9,6,5,4,
9,4,4,5,5,6,9,3,9,3,2,2,5,3,9,2,5,3,6,3,
6,9,8,4,8,2,5,3,6,4,1,7,3,1,3,3,7,9,2,3,

A megoldás :
97,5,11,90,70,68,40,32,1,10,7,28,58,19,55,71,57,31,77,89,17,76,39,80,6,43,26,51,34,2,94,30,35,98,72,93,64,15,96,50,27,53,23,37,60,61,21,92,3,65,95,54,85,22,18,20,8,56,62,63,69,36,13,4,99,52,24,88,44,47,42,33,48,84,78,79,75,25,29,38,81,66,12,16,86,46,74,14,91,59,82,45,87,9,67,41,0,73,49,83,
A végeredmény a sorhoz : 23568

A kezdő táblázat
5,9,1,9,9,
1,7,5,9,3,
2,5,8,9,7,
2,8,8,6,1,
2,3,7,5,3,
1,5,6,2,5,
4,3,9,6,4,
8,6,5,6,8,
4,8,8,6,7,
1,9,8,1,3,
9,6,3,6,3,
5,6,3,4,1,
6,3,5,6,8,
6,2,1,2,6,
7,7,9,5,5,
2,5,7,2,8,
1,7,9,2,8,
2,9,8,4,4,
1,7,6,7,2,
9,2,5,8,6,
2,7,7,4,1,
3,5,1,8,1,
9,5,5,3,4,
9,4,3,2,7,
3,8,1,1,8,
9,5,7,7,8,
3,4,7,3,7,
2,4,9,3,7,
8,2,7,2,3,
7,3,6,2,9,
6,8,4,9,7,
6,2,9,1,3,
3,4,1,8,3,
9,9,3,8,4,
4,6,9,8,8,
6,3,2,2,3,
3,5,5,5,5,
6,4,8,6,9,
9,6,9,2,1,
1,2,3,2,9,
6,1,4,5,8,
3,6,8,9,1,
8,5,4,7,9,
9,1,5,4,5,
9,2,3,9,8,
7,2,5,2,7,
8,9,7,9,4,
4,7,6,6,2,
9,4,2,6,8,
5,9,6,5,9,
8,3,1,8,1,
9,6,7,4,3,
6,4,2,4,8,
6,2,9,4,9,
5,4,1,4,5,
7,3,8,2,4,
8,7,2,9,5,
2,8,7,5,4,
1,4,7,3,5,
7,4,6,8,7,
7,8,7,1,2,
7,3,1,6,3,
4,4,1,9,7,
7,8,1,4,9,
7,2,8,7,2,
3,1,1,4,2,
9,9,1,2,6,
1,3,7,7,2,
7,8,9,3,5,
7,7,8,8,4,
9,7,6,7,1,
5,6,2,5,4,
4,1,5,9,4,
9,1,9,9,4,
9,3,2,9,9,
8,6,8,3,6,
5,5,6,9,3,
8,4,8,1,6,
5,7,3,2,7,
2,1,5,9,3,
3,8,1,3,3,
3,4,6,4,3,
6,9,9,2,7,
6,1,3,4,9,
8,6,8,4,4,
1,6,9,1,2,
2,7,8,5,3,
5,7,1,3,6,
9,7,5,7,9,
2,7,4,1,1,
8,7,8,7,6,
6,1,4,5,4,
4,5,9,6,5,
7,7,6,8,8,
4,2,9,3,4,
9,8,3,3,4,
2,9,9,5,5,
3,5,9,9,9,
9,5,3,3,7,
1,9,8,8,9,
2,7,8,2,4,
9,4,5,2,8,
8,7,9,1,1,
2,6,2,4,2,
1,7,4,5,3,
1,8,5,5,2,
4,5,9,5,5,
3,3,7,9,5,
9,7,4,7,7,
2,1,9,8,2,
5,5,5,7,5,
1,7,5,7,3,
4,3,3,2,6,
5,4,7,3,6,
4,2,7,3,1,
5,1,7,6,7,
6,7,6,5,5,
5,6,9,2,1,
7,7,8,2,9,
2,3,8,4,6,
4,2,5,1,4,
1,6,4,9,2,
6,2,3,9,6,
8,2,2,3,4,
2,4,2,7,5,
9,3,6,3,9,
4,6,4,1,2,
5,1,3,5,2,
6,6,7,6,8,
6,2,8,8,2,
2,1,9,1,2,
4,6,2,8,4,
9,4,5,9,7,
4,8,5,5,5,
7,6,8,1,5,
3,7,7,4,9,
8,7,3,4,7,
1,6,9,4,4,
1,7,8,4,5,
4,1,3,4,3,
5,9,4,1,7,
1,9,4,6,7,
1,8,1,1,5,
8,1,2,8,1,
1,6,4,3,2,
2,1,1,2,5,
9,1,2,4,8,
8,7,7,2,8,
5,5,8,7,6,
9,4,3,1,2,
5,6,9,8,6,
3,8,4,2,3,
1,3,1,2,3,
7,8,6,1,4,
7,7,7,4,2,
2,8,6,2,1,
7,9,1,2,6,
8,4,4,6,6,
7,1,7,8,1,
4,7,9,8,3,
6,1,2,3,3,
5,4,2,7,8,
5,4,8,9,2,
7,9,8,9,3,
1,3,6,2,7,
8,6,7,2,2,
1,2,2,7,2,
7,9,5,8,7,
8,2,4,8,8,
3,9,2,3,7,
8,1,5,4,3,
2,5,3,7,8,
4,9,9,4,1,
3,9,7,3,6,
1,3,8,5,2,
4,9,4,5,1,
3,4,9,2,1,
2,2,3,7,2,
5,6,3,3,8,
5,2,2,3,9,
1,5,6,2,2,
6,9,1,5,4,
7,1,7,2,5,
1,9,4,2,8,
9,7,4,8,7,
8,3,5,5,6,
9,8,9,6,6,
6,3,4,1,2,
9,9,1,9,5,
8,8,4,3,3,
5,8,9,4,7,
3,6,3,9,3,
7,6,5,8,3,
7,8,7,4,8,
6,2,9,9,4,
4,2,3,9,1,
9,9,8,5,7,
6,1,7,2,8,
6,2,6,1,9,
5,7,6,4,6,

A megoldás :
166,104,81,179,176,103,124,43,79,171,142,158,126,118,127,52,144,65,2,5,187,164,36,35,91,89,188,160,112,67,85,71,32,12,4,24,83,180,149,58,143,178,135,78,168,26,152,161,139,115,39,3,165,169,62,120,174,95,138,54,119,33,13,177,130,19,128,131,77,21,0,45,105,114,92,198,48,155,110,98,111,9,42,170,121,151,185,107,41,11,40,197,20,145,87,117,181,61,123,94,6,141,189,7,93,80,72,73,27,195,140,125,15,1,18,101,157,86,49,183,44,66,50,31,109,162,47,30,55,191,8,116,25,63,108,182,167,153,154,133,132,100,64,37,156,137,146,175,136,122,34,99,57,147,59,23,192,68,22,28,74,113,129,17,184,134,88,76,106,16,51,56,186,90,173,10,194,84,46,29,60,163,193,159,82,150,199,70,172,14,148,38,97,75,53,196,96,69,190,102,
A végeredmény a sorhoz : 94432

A kezdő táblázat
1,5,9,7,1,2,9,3,9,8,
2,9,7,1,5,6,4,9,8,8,
2,3,1,9,2,8,7,6,9,5,
9,1,9,3,1,9,4,5,7,9,
2,9,2,5,7,2,3,3,7,3,
6,2,3,5,7,2,1,8,6,4,
2,2,4,5,6,6,5,1,2,7,
5,1,2,8,9,2,2,7,6,5,
5,2,4,7,9,6,1,1,5,9,
7,2,5,6,7,5,4,9,2,2,
7,1,9,4,3,3,1,4,4,4,
9,3,8,8,1,7,3,8,6,1,
6,2,6,8,3,6,9,1,6,8,
9,4,5,3,7,2,4,1,6,7,
9,8,9,9,2,1,1,9,8,4,
5,5,7,9,6,5,3,6,4,7,
6,7,6,1,2,8,9,1,6,2,
8,7,8,9,1,5,8,4,4,6,
5,4,3,5,3,8,9,2,2,3,
7,4,1,2,8,1,8,2,3,3,
8,2,1,9,1,1,5,1,1,8,
5,9,9,4,3,3,3,7,9,5,
3,2,8,4,2,2,6,9,8,5,
7,4,7,2,1,1,8,6,8,1,
2,3,9,1,4,8,6,7,5,8,
9,9,4,7,7,4,2,7,3,1,
4,4,5,7,7,2,5,6,2,6,
9,9,2,3,5,8,8,3,1,3,
9,2,8,9,1,5,7,8,7,8,
9,6,4,6,1,4,2,4,5,5,
5,8,4,4,2,2,9,5,6,3,
3,5,8,8,1,2,9,6,5,3,
6,6,9,4,9,7,2,9,9,5,
5,2,7,8,2,9,9,8,1,2,
9,4,1,7,7,5,4,1,3,3,
2,4,7,2,7,8,4,6,5,9,
3,5,2,3,3,4,9,8,2,4,
5,7,3,1,4,7,2,6,8,3,
8,1,1,1,8,6,9,9,8,8,
7,8,9,9,8,2,5,7,1,1,
4,3,4,6,3,8,1,1,3,8,
6,3,1,8,7,3,8,7,5,3,
3,2,1,9,3,4,5,5,2,6,
3,3,5,3,4,6,2,3,7,8,
2,6,9,5,8,5,8,7,1,6,
7,1,9,3,4,9,4,7,3,6,
9,5,3,2,5,6,6,4,8,3,
5,8,4,2,8,8,7,9,3,1,
6,4,8,2,3,3,6,3,7,9,
8,1,5,1,2,5,6,3,9,8,
7,2,1,7,8,7,9,6,6,3,
6,5,7,9,1,1,6,6,8,2,
3,5,8,4,6,8,2,6,6,5,
4,5,1,4,9,8,9,3,7,7,
6,1,6,3,9,3,2,4,5,6,
1,2,4,9,2,6,2,1,6,5,
6,8,7,7,6,6,2,7,2,8,
5,7,4,2,4,6,1,3,4,9,
9,1,5,2,3,2,8,4,4,1,
4,2,6,2,2,3,7,1,2,6,
7,1,4,8,8,9,7,3,3,9,
3,7,9,3,5,5,4,3,1,1,
5,3,3,8,6,7,6,3,4,2,
1,8,4,7,4,4,9,7,3,7,
3,9,9,9,3,6,9,6,3,9,
5,8,1,6,1,6,3,9,3,8,
2,5,2,9,9,3,7,8,8,3,
7,4,6,9,4,4,3,3,3,2,
3,4,8,9,2,1,1,6,2,3,
9,8,8,5,3,6,7,9,6,5,
2,1,3,9,5,9,5,4,7,2,
5,3,4,1,3,7,4,9,5,1,
1,7,4,1,8,7,5,4,6,8,
8,4,2,4,7,8,7,6,7,8,
2,4,9,6,8,5,6,2,1,2,
8,3,6,5,5,6,8,7,3,3,
2,4,7,1,5,5,8,7,2,4,
6,9,1,3,3,3,8,1,3,6,
3,2,7,6,3,8,6,9,1,4,
7,2,4,3,1,8,3,5,5,9,
6,2,1,6,1,6,9,5,2,2,
2,3,4,5,5,3,8,5,6,3,
8,9,4,5,1,1,5,3,1,5,
9,4,1,6,7,2,8,6,8,3,
4,8,5,9,6,8,2,9,7,3,
3,2,1,2,9,5,5,4,1,7,
9,5,1,1,9,2,9,5,5,3,
9,2,3,1,4,6,9,5,3,8,
1,7,3,9,2,5,8,2,1,3,
6,5,9,9,8,6,5,1,9,2,
2,1,7,8,2,1,4,9,2,4,
3,9,2,7,7,1,6,2,1,7,
3,1,6,8,8,1,6,4,7,9,
2,2,1,5,3,8,1,5,3,1,
1,1,8,6,2,9,1,6,1,3,
4,4,2,7,6,6,3,2,5,9,
7,1,4,9,5,7,4,1,7,8,
2,9,9,1,6,2,6,7,4,5,
8,4,7,9,5,4,8,2,9,3,
6,9,6,6,5,9,9,1,6,5,
7,6,8,5,8,2,2,8,2,4,
6,5,5,9,5,6,1,2,3,1,
4,5,8,6,1,3,5,3,7,7,
7,4,8,5,4,8,8,2,5,4,
4,1,2,3,6,1,3,6,9,6,
8,5,7,8,1,6,8,7,4,5,
5,4,1,3,8,3,9,6,3,1,
2,8,3,8,4,9,8,4,5,7,
5,7,3,2,5,7,5,6,8,8,
4,3,4,3,1,8,7,4,8,4,
3,5,5,2,1,4,3,6,1,5,
6,8,6,1,5,3,8,9,6,3,
1,5,6,5,4,7,7,4,3,1,
9,3,5,4,6,1,4,3,4,3,
9,5,7,4,3,7,2,4,6,8,
8,8,6,9,3,3,2,5,4,9,
1,2,8,1,7,3,4,1,1,6,
8,6,4,8,5,1,9,2,4,1,
8,5,3,7,1,6,2,1,3,9,
8,5,8,5,3,5,9,5,9,6,
2,2,9,6,7,8,2,9,8,1,
1,6,9,3,3,2,9,8,7,7,
6,2,1,1,1,3,4,6,3,1,
1,4,6,9,2,8,5,5,7,7,
3,3,1,5,9,4,8,8,3,4,
1,7,4,4,6,7,2,1,3,5,
1,6,4,1,2,6,7,5,1,4,
2,1,9,5,7,8,3,7,5,5,
7,3,3,4,9,1,5,8,1,1,
9,6,6,1,3,2,9,1,6,2,
2,9,6,3,4,7,1,2,5,7,
8,1,2,4,5,7,8,9,6,9,
8,9,4,9,7,7,3,9,2,1,
6,9,7,1,6,9,6,4,4,2,
8,7,3,7,6,5,3,2,2,8,
8,4,6,6,5,6,1,7,2,3,
6,7,5,4,5,8,9,8,9,4,
1,8,7,6,3,7,4,9,3,2,
6,1,6,3,1,6,7,6,3,6,
9,7,1,3,6,4,6,3,3,5,
9,1,6,9,5,6,7,7,6,8,
9,1,3,1,6,1,8,2,4,1,
9,5,1,1,3,9,3,1,4,1,
8,7,7,9,9,4,7,8,7,2,
7,5,5,2,9,9,1,2,7,1,
7,8,5,4,2,8,7,8,4,5,
6,3,1,1,1,1,7,7,9,7,
5,8,3,4,9,3,2,8,5,8,
4,8,6,4,1,6,8,6,3,1,
3,8,4,6,5,4,8,8,5,5,
9,1,5,4,9,6,4,6,4,7,
9,1,7,4,2,8,8,8,8,3,
7,7,2,2,1,4,2,8,3,4,
3,6,6,2,5,2,9,4,9,7,
3,2,4,2,7,2,1,4,4,9,
7,6,3,6,8,1,2,7,6,7,
3,5,2,8,4,8,7,8,8,7,
8,3,1,4,9,5,9,7,8,9,
6,9,7,9,6,1,4,8,5,8,
1,1,2,6,6,1,1,7,8,1,
3,6,2,6,3,2,9,8,3,2,
4,4,6,7,1,2,2,3,4,3,
8,7,8,5,8,9,1,8,5,7,
6,7,5,6,3,9,6,4,6,7,
5,4,6,3,9,8,7,7,2,2,
6,8,3,6,8,3,3,3,4,4,
6,2,8,4,3,4,2,7,5,5,
7,1,8,2,3,9,1,6,7,3,
9,1,9,7,9,8,6,6,3,2,
2,8,8,4,6,9,3,4,1,6,
5,9,1,4,1,2,1,4,5,6,
7,3,4,4,8,3,9,3,5,1,
2,4,4,8,7,3,8,9,2,7,
1,5,5,4,9,9,3,9,2,7,
6,6,2,4,4,2,1,6,3,9,
2,9,2,8,3,9,4,9,6,7,
7,3,5,8,1,6,4,4,4,9,
4,5,8,4,5,6,2,1,6,3,
1,2,3,9,4,4,8,6,5,2,
7,9,5,9,4,7,6,7,4,3,
6,5,2,6,2,4,9,7,2,1,
5,1,6,8,5,2,1,7,3,2,
3,3,1,1,2,9,3,8,9,7,
2,1,9,8,4,1,2,7,1,9,
6,5,9,5,5,7,1,9,4,5,
5,4,6,3,2,3,5,1,5,8,
3,2,5,6,2,6,2,7,5,1,
3,7,4,8,5,7,5,5,2,6,
3,3,2,6,5,5,9,5,2,9,
1,9,6,6,1,8,6,8,5,4,
6,4,9,2,3,4,9,2,6,3,
2,7,3,7,9,3,4,1,6,5,
5,6,9,9,5,7,1,9,7,2,
5,9,6,5,7,4,4,9,3,8,
8,2,4,7,7,4,1,4,6,5,
9,8,6,6,5,8,3,2,3,5,
7,6,1,9,7,2,7,4,8,9,
1,2,8,9,7,6,8,6,2,3,
7,1,3,6,4,1,7,3,4,1,
2,1,6,4,2,7,1,3,6,7,

A megoldás :
125,55,159,127,93,35,182,175,126,116,2,80,46,72,49,191,6,138,181,154,104,76,81,106,161,37,109,4,141,153,107,53,50,122,94,71,65,24,18,90,1,131,111,40,36,146,156,185,85,172,78,59,112,130,174,160,33,120,147,110,169,108,62,54,19,8,194,23,124,113,189,57,79,47,187,87,43,180,20,173,199,121,188,3,38,178,52,177,66,16,5,77,63,102,183,197,129,157,88,133,166,7,186,74,170,152,97,73,123,142,171,26,149,198,58,61,164,91,70,48,13,137,86,92,139,148,22,136,42,184,34,114,31,167,30,128,165,103,84,41,32,0,56,196,190,95,144,68,12,21,44,27,9,82,163,135,158,155,193,10,101,69,96,64,83,45,100,67,99,192,150,89,145,119,117,75,15,51,105,176,39,179,29,14,143,151,60,115,25,28,195,140,98,118,162,132,134,168,11,17,
A végeredmény a sorhoz : 90237

A kezdő táblázat
2,4,1,2,1,8,8,7,4,2,6,8,5,5,9,4,5,5,8,2,
9,5,1,7,9,4,7,3,2,5,6,2,7,3,2,9,6,9,3,4,
7,2,5,7,5,6,7,8,3,7,1,6,5,8,7,1,5,1,8,2,
6,6,7,5,8,1,6,6,2,3,2,6,9,8,8,4,9,3,4,1,
5,7,3,7,2,1,1,5,5,9,2,9,2,5,3,2,8,2,6,9,
4,3,1,6,9,8,2,6,3,7,9,9,8,3,6,6,1,9,5,1,
5,8,5,1,2,1,4,8,1,5,4,1,1,8,2,7,5,3,8,7,
8,1,4,6,7,9,7,9,9,9,8,5,3,8,4,4,2,9,7,1,
3,5,6,7,4,8,6,8,5,7,8,9,3,2,6,1,2,5,9,9,
2,1,8,9,1,8,2,9,1,9,7,5,9,3,5,8,1,4,4,9,
7,5,8,2,6,2,7,4,9,7,2,3,4,7,2,1,3,9,7,9,
2,6,4,7,5,3,5,1,8,1,6,5,5,8,1,6,6,8,3,5,
6,1,6,9,2,8,5,4,8,2,5,3,1,1,8,3,4,9,9,7,
4,4,5,3,8,5,8,4,7,5,2,3,8,9,5,8,5,4,6,3,
2,1,4,9,7,8,9,1,5,7,8,9,5,5,5,2,7,5,9,6,
8,7,4,7,7,8,1,1,4,8,1,8,5,3,4,7,1,7,2,1,
1,3,5,1,5,4,1,3,9,7,1,2,2,3,6,3,3,7,3,9,
7,1,7,3,4,8,3,5,2,1,9,6,9,7,4,5,3,7,5,7,
4,2,2,9,5,4,5,8,9,6,4,4,8,3,7,9,3,2,5,2,
9,7,7,9,3,4,9,9,8,1,8,7,8,6,8,6,5,7,9,1,
6,6,6,5,9,9,1,6,5,2,7,4,5,3,6,5,2,8,2,9,
3,3,8,7,9,3,7,9,3,7,5,9,2,5,8,5,8,2,1,4,
5,3,8,1,2,2,4,5,4,6,9,2,1,7,9,4,4,8,1,7,
5,3,6,8,8,5,1,5,6,5,9,4,7,8,4,3,5,2,5,1,
9,1,9,5,4,6,2,2,8,7,8,6,4,6,4,3,2,4,6,5,
5,9,5,6,6,1,3,1,3,6,3,3,9,1,7,9,6,9,6,8,
7,3,4,1,1,9,5,6,8,1,1,3,2,4,4,9,5,5,1,2,
5,5,9,9,7,8,1,3,3,8,6,1,9,8,8,5,6,1,2,7,
3,4,2,6,8,3,2,1,9,7,9,9,7,6,7,1,8,2,1,8,
9,5,1,2,7,1,7,9,8,1,5,4,4,1,2,2,3,9,4,8,
5,7,5,7,1,1,3,8,2,5,7,5,3,3,1,3,9,6,4,6,
5,4,2,9,6,2,3,6,1,6,7,1,9,1,2,3,2,6,1,6,
1,7,4,1,9,9,5,8,7,3,5,3,4,2,7,1,2,4,9,7,
2,7,5,1,8,3,1,5,9,6,2,6,5,9,6,5,4,7,1,5,
9,6,2,8,5,1,4,9,1,6,6,2,8,2,1,2,8,9,3,3,
2,5,7,4,5,1,7,6,8,7,9,2,2,4,7,9,6,9,3,5,
7,5,9,4,5,3,4,6,1,8,2,7,2,6,9,6,1,6,9,9,
2,6,1,8,9,5,5,2,2,5,5,2,6,3,2,8,9,3,2,8,
9,3,1,7,7,3,2,9,9,5,6,8,6,1,9,7,9,2,7,6,
4,5,6,2,8,7,5,7,7,2,7,2,9,5,8,4,6,6,9,3,
5,9,6,1,9,9,6,4,9,2,6,4,4,3,8,6,5,8,4,8,
9,4,4,6,2,4,2,3,7,9,6,1,4,8,2,9,7,7,7,4,
2,8,2,6,9,7,7,7,6,5,5,9,6,5,3,4,4,6,9,9,
8,8,3,5,2,3,5,3,5,1,8,5,9,4,8,2,3,5,1,8,
5,4,2,3,4,8,8,6,5,1,2,8,1,3,5,9,1,2,5,2,
3,3,5,3,9,5,1,4,9,3,5,3,9,5,9,1,5,4,8,7,
3,1,1,3,6,1,3,1,9,2,5,8,4,4,1,1,5,3,4,7,
2,3,4,4,3,6,2,8,6,7,6,1,2,8,4,4,9,4,7,5,
1,8,3,3,1,3,3,1,6,3,9,2,2,8,1,6,8,4,9,1,
7,1,3,5,7,3,5,4,2,3,4,9,5,5,4,5,2,9,3,3,
2,7,9,5,5,3,7,1,3,9,2,9,5,2,7,5,8,4,9,6,
8,6,6,9,5,4,2,1,5,8,3,1,9,5,5,3,9,5,8,3,
2,2,3,5,5,9,8,2,6,8,5,3,6,2,5,1,2,2,5,8,
7,8,9,9,9,4,1,4,5,4,2,7,9,7,2,7,1,3,8,1,
2,8,9,2,4,8,1,4,7,4,7,4,3,2,4,1,1,1,4,9,
7,7,1,9,7,9,8,6,6,5,5,7,3,1,7,2,3,8,1,3,
7,1,2,2,6,4,4,3,4,4,6,1,6,9,7,2,1,1,2,2,
5,9,2,6,1,7,6,3,4,5,9,3,5,1,7,1,6,4,8,1,
3,6,3,8,2,4,7,9,3,9,3,2,9,6,4,3,7,9,7,1,
8,4,7,8,2,2,5,8,1,8,8,9,4,4,9,1,1,7,6,1,
4,5,6,5,1,1,8,7,5,5,2,4,2,4,3,2,7,3,7,4,
6,9,2,3,1,9,7,2,1,3,1,6,4,4,5,2,9,7,4,2,
1,2,5,3,3,3,3,5,3,3,9,3,8,5,9,2,3,1,2,5,
5,7,7,4,6,2,9,6,5,9,5,8,9,9,7,2,3,9,5,1,
8,4,5,7,9,9,9,6,6,2,9,3,5,7,1,1,9,6,7,5,
3,7,1,5,8,3,9,3,1,8,3,1,4,7,2,4,9,4,2,5,
6,4,8,6,2,8,1,6,3,3,1,4,9,6,6,5,4,9,2,1,
1,3,4,1,4,6,7,8,2,2,1,8,2,3,5,7,1,5,9,9,
8,7,3,7,5,5,5,2,7,6,3,9,4,2,9,1,2,6,3,8,
5,3,6,8,2,2,5,4,8,3,9,2,1,1,4,1,9,4,2,2,
6,6,1,1,7,7,5,6,6,7,7,4,8,4,2,2,3,5,1,5,
4,3,5,4,7,9,7,6,4,1,4,3,7,9,1,3,7,1,6,5,
2,9,7,4,7,1,2,4,1,9,3,2,9,1,4,5,1,1,4,7,
8,5,6,9,9,4,8,3,5,7,1,2,6,6,9,8,3,9,8,1,
9,9,2,6,4,4,3,7,6,7,4,2,1,9,2,3,5,1,7,6,
5,9,6,2,2,8,4,1,6,4,7,6,8,7,9,8,9,6,7,7,
6,5,4,2,8,1,1,6,8,2,1,4,4,5,8,9,2,1,2,8,
4,9,3,1,6,2,5,4,8,8,9,6,6,5,1,1,2,3,4,2,
6,4,6,8,5,9,5,7,4,6,7,1,4,2,7,6,9,2,4,6,
6,4,2,9,1,1,4,1,5,3,5,3,8,3,6,5,6,5,5,3,
8,7,5,1,5,7,7,8,9,7,4,6,2,5,1,7,2,5,8,2,
2,6,8,5,2,9,1,2,2,2,5,5,7,3,5,7,6,7,9,3,
4,1,2,1,7,3,6,9,4,4,1,7,4,8,7,5,7,9,8,6,
7,7,2,6,9,5,9,7,6,1,4,9,3,4,4,6,1,8,8,8,
9,6,3,8,8,5,1,4,3,1,7,4,3,4,5,4,9,7,8,9,
6,9,5,4,2,7,4,6,2,9,5,5,3,7,8,7,3,8,9,3,
4,5,1,7,7,9,6,4,3,5,1,6,8,9,4,3,1,3,9,4,
7,6,6,7,4,5,3,9,6,5,3,3,5,8,8,6,4,7,3,4,
2,9,2,2,7,2,9,2,9,5,5,4,1,4,9,7,3,8,2,9,
2,8,4,2,1,4,3,7,6,4,9,4,7,8,1,3,3,1,5,7,
2,4,8,6,5,4,7,8,1,8,1,9,3,2,7,2,7,6,9,4,
9,9,3,6,4,8,6,3,5,7,9,8,9,3,4,7,4,5,2,3,
9,4,8,9,5,7,3,5,9,1,7,2,3,7,5,6,2,3,3,3,
5,8,2,1,5,4,4,7,4,3,6,1,2,5,6,4,9,6,9,9,
8,4,8,6,1,3,5,9,1,1,2,6,3,3,2,5,6,7,4,4,
1,5,7,9,5,9,5,6,8,6,1,1,1,5,9,1,4,4,7,2,
8,7,3,8,8,7,7,6,5,6,8,9,3,7,8,2,3,9,4,9,
7,9,9,3,1,4,8,1,7,9,2,5,1,8,5,3,5,2,8,6,
9,4,2,7,4,1,1,4,1,7,4,4,5,7,4,2,2,8,5,1,
1,1,5,9,7,2,1,3,8,7,3,7,6,3,9,3,8,3,8,9,
8,3,7,5,4,7,4,2,2,7,4,4,7,9,5,8,8,4,7,8,
7,2,1,8,4,5,7,5,8,8,8,3,6,3,5,5,2,3,2,9,
3,6,2,5,4,7,5,4,8,9,8,9,9,3,9,1,3,5,3,1,
6,4,4,2,8,2,5,6,3,7,4,5,8,6,6,7,5,4,4,8,
9,1,7,1,4,8,2,5,4,2,7,7,3,1,3,6,2,4,6,4,
2,1,2,6,4,8,7,6,8,9,6,8,7,9,2,5,1,9,1,8,
5,7,9,3,8,5,9,8,1,7,3,7,7,9,7,2,9,4,7,9,
9,9,8,5,6,6,9,7,9,5,4,8,4,4,8,2,3,9,9,7,
8,6,4,8,8,5,6,1,6,5,7,5,9,5,8,9,2,4,1,4,
3,9,6,9,4,7,9,7,5,6,8,6,5,4,9,5,9,8,7,4,
7,2,7,8,6,5,9,5,6,6,5,5,4,8,1,1,7,9,7,5,
3,5,9,8,9,6,2,9,3,5,9,3,8,1,8,6,9,6,6,8,
6,5,6,2,4,5,8,7,8,4,2,2,8,1,4,8,2,6,7,5,
8,3,4,3,3,6,6,7,3,2,3,2,5,6,1,1,1,8,8,3,
3,5,3,2,2,4,8,9,5,2,2,4,8,9,3,1,9,1,7,3,
7,1,7,9,6,6,3,8,6,5,3,3,9,2,8,1,9,6,9,8,
2,3,5,2,4,8,6,4,7,7,4,1,2,8,1,9,3,9,9,9,
3,1,4,8,3,9,7,7,1,1,7,6,2,6,8,9,9,6,2,2,
8,1,9,8,9,2,4,7,9,6,1,5,3,8,7,7,2,5,9,7,
2,5,5,1,5,7,6,9,5,2,9,7,9,2,9,3,4,3,2,5,
2,4,1,1,4,5,2,8,5,9,1,8,9,1,9,4,2,1,9,7,
1,7,4,2,2,8,1,2,9,4,9,7,5,3,5,9,4,5,1,2,
5,2,9,1,3,6,7,7,5,2,9,8,3,1,6,9,1,6,2,9,
8,4,8,6,6,8,4,8,2,7,3,6,3,4,7,2,3,2,8,1,
4,2,8,1,9,6,5,6,3,9,4,6,9,7,3,5,7,7,1,3,
9,8,6,9,5,8,6,6,4,6,2,2,3,2,1,7,7,4,9,1,
5,8,2,4,3,6,2,3,8,3,6,4,1,6,1,6,4,9,1,7,
8,6,9,7,3,8,5,1,1,9,3,2,9,8,8,5,9,7,1,5,
1,4,5,9,6,3,9,6,6,4,3,3,1,1,7,2,7,3,9,5,
9,2,2,9,4,4,9,7,9,4,2,5,9,4,3,6,7,2,6,3,
9,9,6,8,7,4,3,9,5,4,5,6,6,7,9,8,9,2,6,3,
9,7,8,9,9,6,8,8,7,5,1,6,6,2,2,9,8,8,5,8,
4,8,7,8,1,8,3,8,4,7,7,2,3,6,4,7,7,4,8,4,
8,7,7,8,5,1,7,6,5,7,3,7,2,5,6,7,3,8,9,2,
8,1,2,8,9,8,7,7,6,2,2,4,9,7,3,9,9,2,2,5,
2,5,6,6,3,1,1,9,9,7,6,1,1,8,8,6,2,3,9,3,
4,5,5,6,3,6,8,3,1,5,8,8,4,1,5,2,9,4,8,7,
9,5,7,7,7,7,9,6,9,1,5,3,9,6,3,1,4,2,8,7,
1,6,4,2,1,3,6,8,3,6,7,5,2,1,9,9,5,2,3,4,
9,7,8,9,8,8,8,8,2,9,7,8,4,5,1,9,8,8,6,1,
7,1,4,3,6,1,4,1,2,9,4,6,4,5,7,9,2,3,5,9,
8,5,2,2,5,1,7,3,5,7,6,7,1,5,9,3,9,8,5,2,
1,2,2,8,6,6,2,1,8,8,8,5,2,4,8,6,3,5,1,4,
8,5,3,5,7,9,7,6,6,4,3,3,2,2,4,2,2,3,1,6,
4,2,2,8,7,8,6,2,9,7,8,7,1,2,6,9,6,1,5,6,
3,2,5,5,8,1,2,3,5,5,6,6,4,7,6,4,5,9,3,1,
5,2,2,2,6,6,1,5,2,4,5,8,2,1,4,5,5,1,3,2,
9,5,7,1,3,7,7,4,2,6,7,3,1,9,9,9,6,4,2,7,
1,1,2,4,9,6,4,8,4,8,5,7,4,4,9,8,7,1,9,6,
9,7,8,5,3,2,7,3,5,6,2,7,5,7,3,4,3,7,3,2,
8,8,4,5,3,6,9,3,8,8,9,4,5,6,3,8,6,9,8,4,
7,1,3,8,4,2,7,3,7,1,1,9,4,3,9,3,7,5,8,5,
4,4,1,3,6,4,5,6,7,1,5,2,2,7,1,1,5,9,5,7,
8,1,4,6,5,3,2,3,5,4,8,5,7,8,4,9,4,6,9,7,
6,5,1,2,1,6,9,3,6,5,1,6,4,6,4,4,4,6,7,9,
7,6,8,4,2,5,5,6,7,2,7,4,6,7,8,4,5,6,6,6,
8,1,4,7,4,8,5,9,4,2,5,2,6,7,1,6,2,7,4,5,
9,7,1,7,8,1,5,2,9,2,4,4,7,8,7,9,2,9,7,3,
2,1,8,1,2,7,8,4,9,5,8,3,3,2,2,3,1,9,2,1,
3,9,7,7,1,6,2,1,9,9,8,4,7,3,5,5,9,2,5,4,
4,5,2,2,1,9,2,5,7,6,7,9,6,2,9,8,1,9,7,1,
5,6,7,7,8,2,3,2,6,8,7,8,9,9,5,9,1,6,7,4,
1,1,9,1,6,3,6,5,3,1,8,7,6,1,1,3,7,4,9,2,
5,9,4,6,1,7,8,8,7,9,1,9,8,9,2,2,1,6,5,4,
6,8,4,4,2,7,6,7,4,4,2,8,2,5,1,9,3,6,7,6,
1,7,5,1,9,8,1,8,7,9,2,1,8,6,1,1,9,1,3,6,
8,7,5,5,3,2,1,7,9,1,1,1,3,1,9,2,5,1,3,5,
9,7,5,9,5,6,8,7,7,1,1,8,1,2,6,5,8,8,9,7,
7,1,7,5,8,6,3,5,7,8,9,4,8,2,5,5,7,2,3,4,
6,9,3,2,8,6,5,3,6,6,9,9,8,8,1,2,8,1,6,4,
7,8,3,6,5,1,6,2,5,7,7,8,4,6,9,5,5,8,3,1,
8,9,8,1,6,4,7,2,2,8,4,2,4,3,4,1,7,4,3,1,
9,4,7,3,4,1,5,2,7,5,2,6,5,3,7,5,9,6,4,9,
5,3,2,4,3,6,4,1,2,7,7,6,4,3,8,8,7,5,3,3,
7,3,4,1,9,8,8,1,1,3,1,3,4,6,4,9,6,1,5,1,
1,1,5,3,4,1,9,7,8,8,3,2,4,5,5,2,2,6,4,8,
9,6,7,2,3,3,2,5,6,7,2,2,1,7,2,1,7,2,7,5,
4,8,1,4,9,5,2,3,8,7,9,4,7,4,2,6,8,1,5,4,
6,9,3,3,5,9,3,3,3,6,1,4,6,2,1,4,8,7,5,7,
6,9,7,3,1,1,4,8,5,2,4,4,6,9,6,7,6,5,7,3,
3,6,8,1,9,8,6,2,1,2,7,4,7,1,1,2,1,9,3,3,
4,5,7,1,6,2,1,1,4,8,3,7,2,1,3,2,1,9,7,8,
9,5,9,9,4,1,5,1,5,2,9,1,9,4,4,8,1,3,1,4,
8,3,8,1,9,9,5,3,7,4,9,6,6,5,3,1,7,4,3,3,
7,5,1,8,9,7,4,7,9,6,8,8,5,7,4,3,9,1,5,7,
5,8,9,9,1,6,2,8,4,5,4,3,4,4,2,4,1,6,2,5,
8,4,6,3,9,5,4,8,8,7,9,4,6,2,7,2,9,3,2,6,
3,3,7,8,3,9,5,1,1,8,5,8,6,9,6,8,9,1,5,2,
3,6,9,6,8,8,8,5,6,6,1,4,5,5,7,8,4,8,7,5,
4,8,6,2,4,7,2,1,4,2,2,3,5,2,2,9,3,9,2,8,
9,1,4,6,9,6,4,1,1,2,4,7,6,2,1,7,4,8,7,4,
3,8,3,1,6,1,6,2,8,9,7,1,7,5,2,2,1,9,1,2,
7,2,1,5,5,6,5,6,1,7,2,7,8,8,3,5,2,9,1,5,
5,2,2,5,5,5,7,4,4,6,4,3,5,3,2,9,8,5,3,9,
6,3,2,9,7,5,6,9,9,7,8,8,4,6,9,2,8,6,4,2,
2,8,4,7,5,1,5,3,6,5,5,9,5,8,6,2,7,5,5,7,
7,8,3,6,3,2,5,5,3,4,9,4,1,1,5,4,1,6,7,7,
5,2,2,6,6,8,1,7,9,2,9,2,7,2,2,9,3,7,9,5,
5,5,6,6,5,6,6,5,5,3,5,7,7,2,7,1,2,2,3,6,
3,9,8,8,4,4,5,1,8,9,2,6,8,1,3,5,9,5,8,1,

A megoldás :
142,135,138,148,52,47,0,162,46,37,175,145,5,119,32,121,105,120,117,104,177,116,153,82,114,16,152,154,86,151,144,158,180,67,192,45,88,2,62,65,33,146,14,11,174,156,165,39,42,22,56,18,13,76,48,99,124,44,26,79,71,173,102,160,122,128,49,54,93,58,17,195,35,126,197,168,28,183,70,31,90,72,112,4,143,136,101,187,89,21,181,80,7,60,134,6,23,111,57,191,69,188,81,103,77,193,141,12,24,55,40,95,75,186,98,198,113,161,30,50,25,190,140,8,189,164,78,109,132,63,115,10,163,169,64,3,38,178,110,159,194,172,9,61,155,199,29,184,20,73,106,36,196,15,66,185,83,123,87,53,96,179,100,85,51,118,68,27,97,43,125,94,147,166,127,170,157,1,150,171,108,149,41,34,59,139,130,84,129,137,182,133,176,19,131,107,167,92,91,74,
A végeredmény a sorhoz : 88839

A kezdő táblázat
7,2,5,4,2,
5,8,8,8,9,
5,7,9,9,7,
1,7,5,4,8,
6,9,8,1,2,
5,7,5,1,1,
5,8,6,8,2,
8,6,1,1,3,
5,9,8,4,3,
1,5,7,6,3,
4,9,8,5,8,
7,7,6,5,8,
7,5,4,9,2,
1,6,9,5,4,
8,7,7,2,5,
5,2,1,7,7,
7,2,3,5,8,
7,5,5,2,6,
8,4,3,9,5,
9,9,6,5,6,
6,7,3,7,9,
9,5,4,3,1,
9,1,3,4,6,
8,7,8,1,8,
3,6,4,9,6,
1,7,4,3,1,
7,1,1,8,3,
4,1,3,9,2,
5,1,6,1,4,
5,4,7,4,4,
7,7,4,7,8,
1,5,7,2,6,
9,8,7,6,2,
5,8,5,8,2,
4,6,4,1,2,
6,8,2,7,7,
6,6,5,8,1,
9,4,8,8,1,
8,7,8,2,2,
7,3,8,2,3,
7,3,5,8,4,
2,9,5,8,2,
7,3,2,8,9,
9,8,6,3,1,
4,1,8,7,6,
3,9,4,2,5,
1,7,8,3,5,
7,8,5,4,4,
9,3,6,3,5,
8,1,6,3,6,
1,1,4,5,4,
4,2,8,5,9,
9,9,9,5,3,
8,2,1,5,4,
4,3,5,2,5,
4,9,2,4,4,
2,5,4,1,9,
1,6,4,8,5,
2,6,3,8,6,
1,5,6,1,7,
4,4,8,1,2,
7,8,3,6,4,
4,5,6,9,7,
8,4,4,6,1,
6,5,5,1,7,
3,6,7,7,4,
5,8,3,1,2,
9,7,3,7,7,
1,1,5,1,1,
6,3,1,8,4,
7,1,6,7,5,
2,1,5,2,3,
2,8,9,3,9,
5,3,1,1,4,
1,2,8,2,8,
2,9,3,8,9,
6,1,3,9,6,
7,7,4,4,3,
9,7,7,3,2,
9,5,2,6,8,
6,7,5,7,5,
7,9,6,2,4,
1,9,7,8,9,
1,2,1,2,1,
8,6,1,9,9,
8,9,8,9,7,
6,2,4,2,6,
9,3,3,9,3,
8,2,3,4,9,
4,6,6,4,4,
7,2,2,8,8,
7,3,1,9,1,
8,2,5,1,9,
1,5,2,5,9,
2,8,2,3,9,
9,4,3,1,1,
1,6,4,4,7,
2,3,4,3,9,
7,8,5,8,2,
2,5,2,3,4,
6,4,8,7,2,
5,3,2,1,3,
8,9,4,2,8,
9,3,8,6,1,
9,2,3,7,6,
2,2,2,1,6,
5,4,6,2,3,
7,7,1,2,7,
3,3,9,1,6,
8,1,1,9,1,
6,5,6,7,6,
3,4,3,1,4,
6,9,2,6,5,
2,1,3,4,7,
7,2,4,7,4,
7,7,9,2,6,
6,3,3,3,5,
6,3,9,4,2,
6,7,8,6,9,
4,6,6,1,6,
2,2,2,5,4,
3,4,5,2,8,
8,5,1,2,1,
2,4,3,9,7,
6,2,8,1,6,
5,4,7,7,4,
6,4,2,4,2,
8,7,9,5,8,
9,7,2,7,8,
3,9,2,8,2,
1,3,1,4,9,
6,5,1,7,3,
4,6,4,4,6,
1,3,6,1,6,
7,4,7,5,9,
4,5,9,7,2,
1,5,2,6,6,
9,1,8,3,7,
4,1,8,3,1,
2,8,8,6,5,
2,5,6,7,5,
8,6,3,6,3,
5,6,2,7,4,
6,2,3,6,1,
7,7,7,8,7,
1,5,8,7,9,
4,2,8,1,5,
3,7,8,1,8,
1,4,5,9,3,
5,8,6,2,7,
2,7,1,9,7,
1,5,6,6,6,
1,3,4,5,1,
7,9,5,4,1,
2,9,6,5,6,
7,6,5,6,9,
1,1,5,1,1,
6,3,5,8,6,
6,5,2,2,2,
9,9,8,4,8,
7,1,8,3,9,
9,4,5,9,4,
8,6,6,1,1,
2,6,5,3,8,
4,6,9,5,4,
7,1,6,1,5,
1,8,4,5,8,
6,6,7,5,5,
1,3,5,9,5,
8,6,4,2,4,
8,7,5,9,3,
8,8,5,5,2,
2,8,4,4,4,
2,3,7,8,8,
4,9,3,7,9,
6,6,4,1,3,
2,4,6,3,2,
3,8,3,3,4,
3,1,8,6,5,
3,5,1,8,6,
1,6,4,2,3,
9,7,3,7,1,
9,9,8,7,3,
7,5,7,3,3,
4,2,3,8,6,
7,4,2,7,4,
5,3,7,8,6,
9,9,7,9,8,
5,4,2,3,2,
5,7,1,4,5,
5,4,5,7,1,
4,2,4,7,2,
5,3,7,9,1,
9,9,1,8,4,
6,9,3,4,7,
4,9,9,3,3,
8,5,5,1,4,
9,7,9,5,6,
1,1,1,5,1,
6,8,5,1,9,
9,5,2,8,2,
6,8,6,5,7,
9,1,9,4,5,
9,6,6,2,8,
5,9,8,9,9,
5,4,6,3,4,
7,1,7,4,9,
3,8,4,5,2,
9,9,3,8,9,
4,5,4,9,3,
3,8,3,5,5,
4,5,4,4,9,
1,8,5,9,6,
2,7,4,8,4,
5,4,1,9,8,
6,1,1,4,4,
5,3,7,3,3,
4,8,8,9,8,
5,1,1,5,2,
4,3,4,9,3,
3,8,2,5,7,
5,9,5,8,4,
3,1,9,6,6,
1,3,8,1,9,
4,3,6,2,5,
8,6,3,2,8,
9,9,2,9,3,
4,5,2,1,6,
9,8,9,2,1,
5,2,6,1,9,
2,9,7,1,2,
9,4,1,7,9,
3,5,1,8,3,
1,2,1,5,9,
4,7,4,3,9,
4,8,3,7,1,
2,8,5,6,5,
1,1,2,7,7,
3,4,4,1,5,
1,8,8,1,1,
9,1,7,5,5,
7,9,3,1,7,
1,6,5,6,8,
9,2,9,8,2,
8,7,4,2,8,
3,7,4,2,7,
5,3,1,9,7,
4,3,2,8,8,
6,1,6,7,8,
9,8,2,6,9,
6,9,3,9,2,
7,9,6,5,1,
1,6,9,3,2,
3,5,6,8,4,
5,2,8,9,2,
6,5,8,7,8,
7,6,5,8,1,
9,8,1,8,3,
2,9,9,9,5,
4,6,7,9,8,
8,6,3,7,7,
4,3,4,9,1,
5,4,8,9,3,
9,9,6,3,1,
5,6,7,2,2,
2,8,7,1,1,
9,6,9,9,1,
5,2,9,8,5,
5,1,8,5,3,
4,4,6,1,5,
9,5,3,2,7,
3,4,1,4,7,
5,1,5,1,3,
7,2,6,3,7,
1,6,7,8,3,
6,3,7,8,5,
5,9,1,3,4,
6,9,5,1,5,
5,2,3,1,5,
1,9,6,7,3,
1,4,4,4,1,
5,4,3,5,2,
2,2,2,1,7,
2,8,1,3,5,
5,8,7,8,2,
1,7,9,1,1,
4,9,9,6,7,
7,3,6,5,6,
7,6,6,9,6,
1,3,8,2,3,
8,7,8,6,2,
3,7,9,3,7,
3,3,8,3,2,
4,7,2,6,3,
7,7,8,9,4,
6,6,2,8,5,
9,3,9,9,2,
8,8,7,3,1,
9,4,2,6,6,
8,6,4,2,2,
2,8,5,6,9,
9,8,9,5,6,
1,4,2,3,5,
1,6,1,2,5,
2,3,6,4,9,
6,7,7,4,2,
4,6,2,1,9,
2,2,2,2,1,
1,2,9,6,4,
4,3,9,7,2,
2,9,7,5,2,
8,7,8,7,8,
5,2,8,2,2,
4,8,9,7,4,
1,1,2,7,8,
8,5,3,3,9,
5,9,9,4,2,
3,5,1,1,7,
6,4,6,7,9,
5,6,3,3,3,
6,2,7,9,6,
5,1,1,9,6,
7,7,3,8,1,
7,6,4,5,7,
1,2,6,8,8,
9,4,9,8,7,
5,2,6,3,9,
6,7,4,3,1,
8,7,8,9,6,
6,8,2,1,1,
9,6,4,5,3,
6,4,4,9,8,
6,5,4,7,7,
4,7,3,8,8,
1,9,6,2,2,
4,7,1,2,2,
7,2,2,3,4,
2,6,2,2,7,
4,1,8,3,2,
2,7,9,5,3,
2,6,8,2,1,
5,6,1,2,3,
6,4,2,3,5,
1,1,7,6,6,
4,1,1,2,1,
2,8,1,3,4,
8,7,5,8,3,
5,7,8,8,2,
3,7,1,9,2,
7,2,9,9,7,
7,7,7,9,8,
6,9,8,7,2,
8,6,8,2,3,
7,7,9,4,3,
1,1,1,6,2,
7,6,9,1,2,
6,3,8,3,7,
4,6,8,9,9,
1,9,3,9,6,
1,3,8,6,7,
6,7,3,8,1,
5,6,6,6,5,
8,9,9,7,9,
7,8,3,3,1,
2,2,8,8,6,
4,9,3,3,8,
3,9,5,8,1,
7,4,6,2,2,
5,8,1,5,4,
4,5,3,8,8,
7,7,9,8,2,
6,5,6,9,4,
5,2,7,8,6,
7,8,9,4,2,
2,3,8,7,8,
8,8,4,9,8,
2,3,3,7,9,
6,3,2,5,4,
7,7,4,9,3,
7,2,9,5,7,
4,8,1,7,9,
3,4,5,9,7,
4,7,7,9,3,
8,9,3,4,3,
4,8,8,6,3,
4,9,9,8,5,
2,3,4,4,8,
2,3,6,2,2,
1,1,3,3,5,
1,1,5,9,8,
8,2,9,3,8,
8,4,8,5,4,
5,2,1,3,4,
3,6,2,6,4,
3,2,3,6,9,
3,4,9,5,8,
2,9,9,5,1,
9,3,6,2,1,
7,5,9,1,5,
7,9,1,5,9,
1,3,2,4,2,
2,1,3,4,6,
4,5,5,7,1,
3,3,4,3,4,
6,2,7,4,3,
1,4,5,6,7,
5,3,2,9,2,
7,4,7,2,1,
3,7,3,4,4,
7,5,8,3,2,
9,7,1,7,2,
2,4,4,2,6,
3,6,9,6,7,
6,6,9,7,5,
7,2,1,4,1,
1,7,4,4,2,
5,6,6,9,3,
7,5,2,2,7,
7,5,3,7,6,
4,9,4,5,5,
6,6,9,8,6,
6,4,6,8,4,
9,3,6,7,2,
8,8,3,5,2,
5,5,8,9,2,
2,9,8,4,5,
2,1,3,8,2,
8,4,3,2,4,
6,1,9,3,6,
4,9,1,6,3,
7,1,7,6,3,
4,4,9,8,5,
6,5,4,2,9,
4,2,7,9,2,
9,8,6,5,1,
8,6,6,2,5,
9,3,7,4,3,
3,5,2,5,3,
7,8,8,9,5,
1,6,1,9,5,
7,4,7,7,7,
9,6,3,9,5,
2,4,9,5,4,
8,7,3,7,7,
6,3,4,7,5,
4,1,6,6,9,
3,1,7,5,9,
2,9,2,1,9,
5,5,3,6,5,
7,4,4,6,9,
4,7,4,5,9,
2,9,6,3,7,
4,4,7,8,8,
9,3,3,2,5,
3,6,7,4,5,
3,8,5,2,2,
3,9,5,6,5,
2,7,8,4,8,
5,3,1,2,7,
1,2,8,5,5,
6,7,5,2,7,
7,3,8,2,3,
9,7,1,2,2,
5,2,1,8,2,
8,2,7,2,9,
4,1,4,7,9,
3,4,8,6,1,
4,4,2,8,1,
9,6,3,8,5,
2,2,5,1,7,
8,5,1,7,1,
4,9,6,4,7,
4,8,5,6,6,
3,4,6,5,7,
4,6,5,7,6,
7,4,5,5,6,
3,5,1,5,8,
2,5,9,7,3,
6,5,2,4,1,
1,9,9,2,4,
4,5,3,6,2,
8,4,3,3,2,
3,1,9,1,6,
7,6,9,1,8,
7,3,2,4,6,
1,2,6,9,7,
8,5,1,7,7,
3,8,9,3,9,
3,5,7,4,3,
8,7,4,8,1,
1,8,2,1,7,
1,1,4,1,4,
5,5,8,3,2,
8,9,9,2,7,
1,7,7,1,8,
3,9,3,9,8,
5,4,3,4,2,
8,1,2,2,7,
6,2,8,8,4,
9,3,9,1,7,

A megoldás :
285,68,439,29,120,42,56,388,179,445,269,82,428,73,459,214,152,117,233,406,292,105,156,151,337,456,95,400,283,119,408,116,465,282,218,5,450,86,64,141,392,341,219,215,44,335,307,180,27,374,451,184,278,487,344,247,223,401,273,303,111,479,491,336,129,237,59,45,25,88,394,260,432,430,482,380,76,306,224,248,113,102,379,198,495,302,7,229,162,317,130,289,57,3,484,222,94,137,188,369,271,15,323,34,90,343,246,158,28,196,133,51,280,309,272,458,238,177,114,209,366,265,124,348,304,175,411,227,481,496,474,387,83,478,242,101,421,50,58,473,74,448,53,342,429,71,163,364,464,136,376,461,444,390,446,293,455,31,476,490,453,354,92,386,63,340,99,333,245,410,168,17,12,338,356,84,39,497,326,106,189,69,142,417,108,477,194,427,319,274,345,176,437,415,452,143,138,393,147,150,93,499,377,203,372,470,178,314,363,81,207,107,160,118,206,169,463,145,62,494,193,359,403,26,16,96,277,239,186,20,89,281,407,67,409,381,216,270,318,471,298,110,241,287,457,232,498,255,148,164,91,155,291,447,97,54,132,460,157,234,436,321,332,352,172,426,36,420,121,355,418,146,329,462,185,405,485,312,276,0,210,9,60,220,61,254,100,139,365,256,308,486,402,131,165,397,22,310,211,149,295,315,268,87,75,192,469,199,236,442,466,391,368,202,327,226,412,299,361,122,112,404,261,297,135,231,253,467,320,264,72,70,339,55,389,154,472,488,395,414,66,311,435,123,316,330,191,419,413,167,443,324,350,134,275,43,11,140,1,19,225,300,40,13,104,489,367,244,396,259,240,205,41,257,47,166,18,267,230,127,347,24,483,190,171,468,243,197,14,200,65,475,30,35,213,440,349,115,384,126,398,331,80,358,212,48,251,371,103,449,373,492,174,4,360,362,262,21,37,125,322,204,493,378,424,305,235,77,79,480,325,217,346,109,23,431,38,49,279,170,153,294,32,173,8,433,301,416,52,161,98,128,288,195,78,208,183,353,33,328,159,454,6,182,187,85,375,296,266,385,441,249,383,228,181,252,46,423,10,201,382,422,351,284,144,290,434,438,370,334,399,286,2,258,425,221,263,357,250,313,
A végeredmény a sorhoz : 570179

A kezdő táblázat
5,1,4,7,6,5,5,5,9,9,
8,6,6,5,6,2,7,8,2,7,
5,3,3,3,4,6,6,8,6,2,
8,2,4,5,5,9,9,5,7,2,
8,7,5,5,7,1,6,3,2,9,
6,2,4,1,4,7,2,6,8,4,
6,3,2,4,2,6,5,6,9,2,
2,8,7,1,3,5,8,6,1,2,
4,2,3,9,4,1,8,8,1,1,
6,9,6,6,6,1,1,5,9,6,
4,6,3,8,3,5,3,3,7,2,
8,2,5,7,8,4,5,3,7,8,
3,8,9,4,8,4,1,9,8,9,
6,5,1,2,4,5,1,2,4,5,
8,8,9,3,8,2,6,9,7,2,
9,4,6,5,5,8,1,5,7,8,
9,5,8,3,3,9,4,8,9,6,
4,5,4,7,6,1,2,5,5,7,
9,4,1,8,3,7,8,5,9,1,
5,7,9,6,9,1,1,3,5,3,
8,3,6,6,8,8,8,3,1,6,
2,4,3,9,4,5,1,4,8,4,
1,9,6,4,5,7,4,6,9,3,
7,3,2,4,2,9,4,8,1,5,
1,3,7,2,4,8,2,5,5,3,
3,2,6,3,9,2,6,1,9,3,
3,9,6,4,1,7,8,8,2,7,
7,5,9,5,6,7,4,4,9,7,
9,1,5,4,6,8,9,8,1,1,
8,1,3,4,9,2,6,4,8,7,
1,7,4,9,3,6,2,4,5,6,
9,6,3,3,3,3,3,5,4,2,
6,1,5,9,6,4,2,9,9,8,
3,1,6,3,1,1,3,4,7,5,
4,1,3,9,8,1,1,3,9,8,
4,5,3,2,4,9,2,4,8,8,
7,9,9,3,5,3,8,4,5,2,
2,5,8,4,6,4,6,4,8,1,
9,2,1,7,8,2,5,3,3,4,
7,3,4,2,3,5,7,6,7,8,
5,3,5,5,1,7,2,8,4,6,
5,2,9,8,7,4,4,8,2,7,
7,5,6,5,5,7,3,6,2,9,
6,5,8,3,9,7,3,5,7,3,
7,4,2,1,2,4,4,4,9,1,
8,6,2,1,2,8,9,6,6,6,
4,7,3,4,9,3,6,9,1,7,
1,9,1,6,5,5,8,9,8,6,
5,3,8,2,6,7,2,5,2,3,
2,8,7,5,5,6,1,6,9,8,
7,4,2,8,1,5,2,8,2,8,
3,8,8,7,3,4,3,3,9,6,
6,6,2,4,1,5,8,2,6,5,
1,7,9,9,5,6,2,8,8,3,
5,9,4,5,8,9,2,4,8,4,
3,5,8,4,8,9,1,5,7,8,
7,4,3,5,2,1,4,7,2,8,
2,9,9,9,7,3,5,8,8,5,
6,9,4,9,1,7,8,3,9,1,
4,2,4,8,2,2,8,9,4,8,
1,9,3,1,9,8,1,9,2,1,
5,2,7,5,6,2,6,8,6,7,
6,9,3,1,2,8,3,2,1,7,
6,3,7,5,3,3,7,9,6,7,
2,8,9,9,1,5,4,3,3,9,
5,6,2,5,9,1,3,1,2,1,
4,8,1,8,6,7,2,9,5,4,
2,2,7,9,8,7,5,2,3,1,
2,1,1,3,9,8,7,6,9,8,
4,7,9,3,6,2,1,3,4,8,
6,2,7,6,3,9,6,5,7,6,
2,8,5,4,7,3,2,7,6,5,
7,2,3,7,5,1,2,5,2,5,
5,3,2,3,2,9,2,1,1,7,
8,1,6,4,4,9,8,7,2,2,
5,6,4,3,8,7,9,9,6,2,
9,6,9,8,2,2,6,1,8,4,
3,3,6,4,9,4,8,8,9,6,
5,9,8,1,9,1,6,6,5,2,
5,2,4,9,7,1,4,6,4,6,
3,1,7,2,6,1,2,7,6,3,
2,9,3,7,1,2,7,3,6,8,
5,5,2,6,4,4,1,6,5,8,
7,5,8,5,4,1,4,8,5,8,
8,2,1,2,6,9,9,1,4,9,
6,5,1,7,5,6,4,5,7,2,
8,2,4,5,4,3,8,7,8,1,
9,4,3,3,9,5,4,5,5,4,
6,2,2,4,7,4,8,5,8,2,
3,6,2,2,7,9,3,7,9,2,
8,4,4,7,3,3,2,8,3,4,
9,3,2,1,9,3,5,3,1,8,
3,8,7,3,8,2,7,2,7,8,
7,6,1,4,6,5,7,8,3,7,
1,6,6,3,8,4,3,5,1,9,
7,5,8,4,1,9,7,4,1,8,
4,8,3,3,3,8,6,3,8,9,
3,5,4,4,7,3,6,6,9,5,
4,3,2,7,5,9,9,1,1,5,
2,7,6,8,7,1,1,2,2,3,
1,6,1,1,8,6,1,1,9,4,
8,5,2,7,6,6,7,9,1,2,
8,7,6,2,4,6,9,7,1,6,
5,1,1,4,8,1,9,1,9,1,
2,8,3,6,4,1,4,7,8,8,
2,9,3,9,6,2,3,7,9,9,
7,1,2,8,4,3,8,2,4,9,
1,2,9,6,8,4,2,1,6,5,
8,6,2,1,1,8,7,4,3,9,
6,3,4,7,6,4,4,2,3,6,
6,4,4,7,2,9,6,5,4,6,
4,4,2,3,1,9,1,1,6,2,
9,6,7,5,9,9,4,9,3,5,
2,1,6,3,7,7,5,9,1,6,
7,5,9,1,6,3,5,9,4,9,
6,7,9,2,2,7,3,9,9,5,
3,2,9,2,1,1,1,4,6,7,
8,4,5,9,4,9,8,9,2,2,
7,1,6,5,8,7,1,1,3,8,
7,6,9,2,9,9,9,8,5,3,
4,5,9,6,3,6,8,1,9,6,
2,2,3,1,4,8,6,6,3,8,
9,1,9,3,2,9,9,5,7,1,
7,2,5,8,3,5,4,9,4,9,
4,2,3,6,3,3,9,3,8,3,
5,3,3,8,7,7,5,6,4,4,
7,2,5,4,7,1,3,1,2,4,
6,9,9,9,2,3,4,5,5,4,
7,1,9,4,7,2,2,2,2,5,
9,3,7,6,1,5,5,7,4,2,
7,7,8,8,5,3,3,9,2,3,
9,9,6,5,3,3,6,9,9,5,
4,1,5,6,5,7,4,1,2,1,
1,9,1,9,5,6,6,7,9,1,
4,5,5,7,3,3,8,8,7,2,
2,9,5,5,4,2,5,9,5,9,
8,2,5,6,4,2,1,6,4,3,
6,5,3,6,3,6,7,3,5,2,
1,1,8,5,7,1,1,3,5,8,
6,5,6,7,2,6,6,7,4,3,
6,9,2,6,8,2,9,1,6,7,
2,6,8,3,1,2,6,6,4,4,
9,3,8,7,7,7,2,8,7,8,
1,7,4,6,4,9,4,3,6,4,
2,6,1,8,9,5,2,3,5,6,
5,7,1,2,6,1,2,2,2,5,
1,5,8,8,9,4,3,4,8,2,
7,4,3,6,7,7,1,8,8,6,
6,4,6,4,1,4,2,2,5,7,
6,3,7,4,9,9,6,6,3,1,
7,1,4,3,9,4,1,8,2,1,
5,8,9,4,6,8,9,6,7,6,
9,2,3,6,1,8,6,7,2,1,
2,9,6,6,9,1,6,8,2,2,
3,1,9,8,7,8,4,8,1,8,
8,8,2,3,3,3,1,3,9,5,
3,9,5,9,6,5,9,9,2,6,
3,5,9,6,5,6,5,3,1,8,
8,8,2,3,3,3,2,9,1,5,
3,8,7,1,1,3,9,6,1,7,
7,6,7,3,4,2,2,6,7,9,
1,9,8,1,5,4,3,1,3,4,
5,2,6,7,3,2,8,7,9,9,
3,8,2,5,6,9,1,2,3,6,
8,9,1,5,6,7,8,3,3,5,
4,6,6,8,4,5,9,5,4,1,
5,3,9,6,1,5,2,1,6,3,
7,1,4,8,7,4,8,9,4,1,
2,3,5,3,7,3,5,9,9,5,
5,6,2,5,6,5,2,8,2,1,
6,5,4,5,9,1,4,2,1,5,
5,9,6,1,9,9,3,9,8,8,
1,1,4,1,2,2,3,3,3,1,
7,3,2,8,9,7,2,3,7,1,
9,7,5,8,1,7,8,6,4,1,
3,3,6,6,5,3,6,5,8,1,
5,2,6,5,2,2,3,6,4,6,
7,9,2,8,9,2,2,9,8,7,
6,8,9,4,9,3,4,4,7,9,
9,4,3,7,8,5,9,6,4,6,
1,6,1,6,8,8,8,7,1,6,
2,3,4,8,2,7,9,6,4,5,
5,3,6,9,3,6,9,3,7,2,
1,1,6,6,9,1,3,1,4,7,
6,2,5,1,2,6,5,4,4,2,
6,3,4,1,2,6,8,7,2,5,
1,2,3,5,7,4,4,4,1,9,
5,8,1,1,7,3,5,7,5,4,
6,1,5,6,7,1,3,8,9,3,
7,4,7,9,1,8,8,8,2,9,
1,1,3,6,6,4,3,6,4,2,
9,6,8,4,1,3,7,9,5,3,
2,7,1,8,1,7,7,1,4,2,
5,9,5,2,7,6,9,8,1,3,
6,8,7,8,6,9,9,3,8,5,
1,2,5,4,4,1,1,7,9,2,
4,6,8,6,3,9,9,8,5,8,
3,6,6,5,1,7,2,2,4,2,
9,1,1,9,2,7,3,8,1,6,
1,6,1,3,5,2,7,3,6,9,
8,3,1,3,3,3,4,4,5,5,
7,5,2,5,7,2,2,1,4,7,
9,3,3,8,8,5,3,2,7,6,
5,6,9,1,9,5,9,2,5,9,
1,5,1,2,2,3,2,2,2,6,
5,4,2,9,3,7,9,6,5,7,
6,7,8,4,3,7,9,3,5,8,
1,6,8,4,8,5,6,6,5,8,
7,1,4,3,9,3,1,6,2,3,
4,7,6,8,1,6,3,4,7,7,
5,1,3,6,8,4,8,9,5,6,
1,9,3,4,8,2,9,3,2,9,
3,2,1,8,6,6,6,6,2,1,
2,7,3,2,6,2,1,4,9,9,
4,7,4,6,9,9,9,5,4,9,
2,4,6,2,5,7,2,2,8,8,
1,8,6,2,2,4,9,6,4,6,
2,2,8,5,8,1,3,3,2,8,
6,8,2,8,6,1,6,4,4,8,
9,9,1,2,7,2,3,9,2,7,
8,5,6,3,2,1,3,8,3,6,
7,2,3,9,9,4,9,9,3,5,
7,3,9,8,2,7,6,9,7,6,
3,3,3,4,6,4,2,4,1,6,
3,9,2,2,4,8,6,4,2,1,
5,4,2,3,5,8,4,9,2,4,
2,3,1,7,6,2,7,9,6,6,
7,6,9,2,3,1,9,5,8,5,
2,6,3,2,3,2,1,1,6,9,
1,1,5,4,3,7,5,8,2,7,
8,1,5,2,2,1,3,2,3,1,
9,4,9,4,8,8,6,9,6,4,
7,1,9,9,4,4,4,7,3,8,
6,5,7,7,5,2,4,9,1,9,
4,7,8,2,9,9,6,1,1,8,
9,7,2,5,6,9,6,7,2,7,
6,9,1,9,3,2,8,4,1,1,
9,6,1,7,8,5,6,8,6,3,
3,5,7,7,4,2,5,6,2,3,
9,3,2,3,2,6,3,1,4,6,
6,7,9,2,8,2,8,3,4,2,
7,7,3,6,2,1,9,7,5,2,
1,9,5,9,2,8,8,3,5,6,
2,4,1,1,2,5,3,9,9,3,
9,5,8,4,5,9,4,5,4,3,
7,6,4,9,2,8,1,1,2,2,
1,7,2,7,8,2,1,1,5,4,
4,7,5,7,4,6,9,2,1,2,
4,8,7,9,6,9,8,9,8,1,
6,1,1,6,6,5,3,8,3,6,
2,6,6,2,4,4,9,2,6,5,
9,7,4,8,1,1,2,2,1,6,
6,7,6,1,6,8,6,1,9,2,
8,4,3,1,1,5,6,9,3,8,
4,4,2,7,9,6,3,8,5,7,
9,9,7,6,5,1,7,4,9,9,
6,8,4,3,7,8,4,2,7,5,
7,8,6,1,5,9,5,7,9,4,
6,2,5,3,8,5,3,1,6,3,
3,8,1,8,5,3,2,6,6,9,
7,1,7,4,6,3,5,6,9,2,
4,2,3,8,4,7,3,8,7,2,
9,1,1,1,4,1,7,8,6,4,
9,1,3,1,2,8,1,4,4,5,
4,5,5,2,8,3,2,8,1,9,
7,4,8,4,6,9,2,9,8,5,
7,9,5,7,5,9,5,2,5,5,
9,1,3,3,9,2,9,4,8,1,
9,9,4,3,7,3,1,3,9,7,
1,3,3,7,8,1,1,4,7,2,
1,4,3,4,9,4,8,8,9,5,
1,5,9,7,1,4,8,8,8,2,
1,5,9,3,8,9,6,3,2,8,
7,2,7,3,9,6,7,2,4,5,
8,1,4,6,7,5,7,3,3,1,
1,6,4,6,4,6,8,1,7,7,
3,8,7,1,7,9,9,2,2,3,
4,8,2,3,7,2,8,7,6,5,
3,6,5,3,8,6,1,5,7,7,
1,8,5,1,4,9,3,4,3,5,
7,4,9,4,1,4,6,6,4,1,
4,8,2,7,2,9,3,8,3,2,
2,2,8,5,6,1,4,1,8,7,
1,7,8,5,2,4,3,5,4,4,
4,3,8,5,3,1,7,7,3,3,
6,1,7,7,9,4,4,4,3,8,
5,2,7,2,8,5,9,9,3,4,
8,8,4,3,9,2,8,5,8,5,
3,5,6,7,3,2,4,5,5,3,
8,8,7,9,5,6,6,3,3,1,
2,7,2,3,2,4,2,4,1,5,
9,4,9,4,2,1,1,2,1,5,
5,5,1,7,3,4,3,1,7,2,
3,3,9,2,8,7,6,4,1,4,
6,9,7,5,3,6,4,4,4,3,
9,1,3,5,3,6,8,9,8,6,
4,4,7,5,4,4,6,1,8,3,
9,1,3,5,1,2,7,3,6,4,
4,5,8,8,3,5,1,4,3,8,
8,6,2,9,9,1,7,1,2,5,
6,8,4,6,4,1,3,2,8,1,
5,6,7,6,3,8,5,2,1,7,
9,3,7,2,1,6,4,2,8,1,
6,9,6,2,3,6,6,3,2,7,
5,4,6,8,4,9,4,4,1,9,
9,7,8,7,3,6,2,4,6,8,
8,9,4,2,5,7,1,6,3,9,
7,1,3,8,7,1,3,9,2,8,
2,5,6,5,8,5,7,4,5,2,
8,1,1,1,6,4,2,4,8,3,
4,6,5,8,5,9,2,3,1,3,
6,5,9,9,8,1,4,6,9,3,
8,4,5,8,5,7,2,8,9,7,
7,1,5,2,9,3,4,5,4,1,
9,5,7,8,2,5,4,4,6,2,
7,5,1,3,8,4,4,5,7,9,
6,3,8,5,1,5,2,2,8,2,
4,5,4,5,5,9,8,1,8,2,
2,5,8,7,9,9,5,6,5,2,
5,7,7,3,6,8,7,7,2,1,
4,6,8,3,9,5,8,1,7,7,
4,9,5,5,4,4,7,6,9,9,
7,9,7,7,8,5,5,1,4,4,
3,5,1,3,7,4,9,1,6,7,
2,2,3,6,8,3,7,2,2,1,
8,9,9,1,1,9,2,7,8,3,
9,5,6,9,2,1,7,4,6,6,
2,5,5,4,6,2,8,8,6,6,
8,9,7,6,3,1,4,1,7,5,
4,5,6,8,7,2,4,6,9,9,
4,2,4,8,9,9,5,6,3,5,
5,2,5,3,2,1,4,4,9,7,
7,8,4,8,5,3,9,1,8,7,
4,4,7,6,5,5,7,5,5,1,
8,8,5,9,5,6,8,3,4,7,
1,4,5,4,8,1,3,8,1,1,
6,4,1,9,2,8,9,2,2,5,
3,6,9,4,9,7,1,7,8,3,
7,2,5,6,3,1,4,6,2,5,
4,4,7,1,9,7,6,6,7,3,
9,6,7,2,4,5,4,6,1,4,
9,5,7,4,2,6,8,1,4,5,
5,3,3,8,4,1,9,7,2,1,
1,7,1,2,4,7,9,5,5,4,
7,1,5,1,4,6,8,7,4,2,
1,5,6,1,3,8,8,1,1,3,
7,7,2,6,5,9,5,8,6,4,
6,2,6,2,3,7,9,5,9,8,
4,5,8,9,3,8,5,3,2,1,
6,4,5,1,6,5,4,4,3,6,
5,8,8,4,5,9,5,7,7,3,
1,4,3,1,8,4,4,6,1,1,
2,7,1,2,1,1,3,1,3,4,
8,1,7,4,1,1,5,7,4,5,
4,1,4,3,3,4,1,1,6,5,
1,1,7,3,4,8,1,6,8,2,
3,6,2,2,4,8,9,3,1,9,
3,6,2,9,4,3,1,3,5,8,
7,2,4,6,4,3,2,5,9,7,
9,1,8,5,4,9,9,5,8,5,
9,2,7,7,4,1,7,1,1,3,
2,2,9,4,2,4,8,7,2,2,
8,2,5,6,5,1,7,5,1,4,
4,2,6,4,5,1,2,9,6,8,
8,6,3,9,5,1,1,8,1,5,
6,8,9,7,8,6,7,1,4,1,
9,8,1,5,2,5,4,8,3,4,
3,9,3,6,5,5,5,6,8,9,
9,7,4,8,2,6,4,1,6,1,
9,4,7,4,9,6,6,2,9,6,
7,9,9,8,4,7,6,5,8,2,
1,3,7,9,9,2,9,3,2,3,
4,2,9,5,3,1,9,3,6,7,
6,8,7,3,4,9,4,3,8,2,
6,6,7,4,7,6,7,7,1,3,
1,6,8,6,2,2,2,8,5,9,
6,3,8,8,4,8,2,1,5,7,
9,5,1,9,6,7,7,4,9,2,
7,3,8,5,3,4,6,1,1,7,
2,7,9,2,7,6,6,5,5,3,
6,5,4,7,1,7,8,6,8,3,
6,8,9,4,8,1,4,2,9,6,
3,5,8,4,7,4,2,3,4,9,
7,9,1,8,2,7,6,2,6,9,
8,7,2,8,6,7,5,9,1,5,
5,1,8,5,6,5,9,8,5,4,
6,9,5,3,4,3,9,9,5,8,
4,9,3,6,2,4,5,1,2,4,
2,4,6,8,5,8,4,8,7,3,
3,1,4,5,1,5,7,2,2,5,
8,7,5,2,3,2,7,2,3,2,
2,5,4,6,3,1,7,1,3,9,
3,9,4,4,1,4,6,3,4,3,
5,9,3,4,8,4,5,8,7,7,
8,4,9,9,2,9,1,2,3,6,
7,4,9,7,1,3,3,2,5,7,
6,8,2,4,7,5,4,7,7,9,
9,6,9,1,7,5,7,6,8,6,
1,3,4,5,9,6,9,2,8,3,
1,9,2,3,6,3,8,9,3,4,
8,5,2,3,7,6,5,3,9,2,
8,8,2,7,3,5,6,9,9,2,
1,9,8,9,5,9,4,6,3,3,
8,7,5,1,9,5,5,4,7,1,
9,5,6,3,4,2,4,6,2,1,
6,7,4,3,6,9,5,8,1,3,
1,2,8,9,5,6,8,6,2,5,
6,2,6,3,8,3,7,2,5,3,
8,6,3,8,6,6,2,7,8,5,
2,8,3,4,2,8,9,3,5,6,
8,2,6,2,2,5,5,2,7,2,
7,2,7,6,6,2,5,9,9,1,
5,5,3,4,3,2,1,8,2,4,
8,4,1,9,7,6,2,7,2,8,
6,2,1,6,9,1,2,8,7,1,
9,9,1,9,5,5,4,6,1,9,
9,5,5,6,3,6,2,8,9,3,
5,8,6,5,9,6,5,1,6,7,
3,1,7,3,5,4,7,4,1,2,
4,9,1,1,2,4,5,6,4,6,
1,3,9,3,6,8,1,2,3,4,
4,3,6,7,2,4,8,7,6,9,
9,1,9,9,7,8,5,8,9,6,
2,3,5,1,6,3,7,8,3,9,
3,1,3,6,7,1,8,2,4,2,
9,7,7,1,5,5,9,1,5,2,
7,7,5,6,4,7,6,6,8,4,
3,1,7,3,6,3,5,6,2,9,
8,8,2,9,8,3,7,1,2,2,
2,4,3,9,8,5,2,2,7,2,
1,9,8,5,7,9,5,6,2,6,
7,8,1,3,4,5,5,1,6,8,
6,8,2,7,8,2,1,3,9,9,
5,6,1,5,3,7,6,6,6,2,
1,9,9,3,5,3,4,7,7,3,
7,2,5,9,4,2,6,9,4,6,
2,6,7,6,9,2,4,7,2,6,
1,2,5,3,1,4,9,3,8,9,
7,3,8,2,4,4,8,8,2,6,
6,6,6,5,4,8,1,9,7,9,
2,8,7,6,6,8,8,1,1,4,
3,8,2,9,7,7,3,6,9,3,
6,3,4,9,3,7,2,2,4,9,
5,7,8,7,9,6,3,6,7,7,
2,4,9,6,7,5,5,3,1,3,
5,3,5,8,5,7,9,4,2,1,
7,5,5,3,5,8,4,6,4,7,
6,7,4,5,6,6,4,2,3,9,
2,1,9,9,2,7,3,1,8,6,
2,5,1,1,1,4,7,8,1,5,
8,9,3,9,4,3,5,6,5,8,
3,6,1,6,2,2,6,2,4,2,
6,1,2,4,3,5,7,4,3,8,
7,3,6,3,6,1,2,4,2,9,
1,2,4,8,9,6,8,2,8,8,
1,2,2,5,2,2,9,1,4,3,
2,1,1,3,8,8,9,4,1,3,
9,8,1,7,9,6,7,1,1,5,
7,8,5,8,5,4,4,4,7,6,
8,8,7,9,6,5,2,4,7,6,
6,7,7,3,1,3,3,4,3,1,
7,5,9,4,3,9,2,1,6,3,
7,9,6,9,1,5,2,2,1,9,
3,1,1,2,2,6,9,7,4,8,
3,1,1,1,5,1,4,8,2,7,
5,8,7,4,5,3,6,9,7,2,
5,7,7,2,1,3,2,5,4,6,
3,4,8,9,1,5,5,2,9,8,
2,2,5,6,5,6,7,5,8,9,
7,8,2,4,9,3,4,5,2,7,
4,6,7,9,2,2,1,1,1,6,
1,8,2,1,3,8,6,6,9,4,
7,5,3,2,9,6,1,2,4,8,
3,4,8,1,7,8,3,6,6,7,
4,7,1,6,8,7,1,3,4,2,
3,3,2,8,6,9,6,1,9,5,
9,5,8,9,1,7,5,2,9,2,
8,2,8,6,3,5,5,5,2,4,
6,8,6,4,8,6,6,4,1,5,
5,8,9,1,4,9,5,2,8,5,
7,4,5,7,3,3,6,6,2,7,
5,7,9,6,6,4,3,1,8,9,
8,5,2,3,7,7,9,6,8,3,
8,7,6,4,5,6,1,7,5,8,
6,4,7,1,1,5,2,6,5,7,
7,9,4,4,3,1,6,9,4,3,
5,1,6,2,3,8,3,4,6,9,
5,9,9,6,2,4,6,1,8,2,
1,8,7,1,9,2,6,5,2,3,
7,6,2,4,6,1,5,9,4,7,
4,6,2,9,5,6,1,3,5,5,
6,2,7,1,6,9,1,7,9,5,
6,4,7,6,4,9,2,6,3,1,
7,4,4,2,5,3,3,9,2,5,
7,5,3,7,1,4,8,8,2,5,
2,7,4,1,1,2,8,4,3,4,
4,9,8,9,1,5,1,8,7,9,
9,9,6,8,4,5,2,2,6,3,
6,5,9,8,6,3,4,3,9,4,
8,8,5,7,8,9,5,5,7,3,

A megoldás :
195,391,335,229,456,111,162,68,186,204,293,145,451,80,210,8,94,187,423,190,97,172,84,207,93,98,25,121,288,292,313,153,199,226,116,455,34,345,282,491,33,249,150,192,339,22,383,128,100,464,7,223,275,398,234,200,396,143,354,74,72,331,243,343,281,225,269,5,351,262,286,44,250,424,382,414,208,71,475,48,463,144,468,372,228,167,45,136,473,161,315,6,327,46,124,50,418,35,367,375,197,126,184,433,183,308,407,386,13,137,270,437,163,21,114,149,263,169,89,168,239,85,99,438,410,180,454,24,108,412,73,212,69,70,125,436,203,357,449,466,103,155,138,113,29,224,81,278,90,188,258,0,399,96,420,106,434,39,246,181,349,323,198,486,256,427,75,356,448,495,185,173,147,283,254,272,452,215,77,28,66,472,309,318,471,63,488,47,307,290,363,132,435,352,389,135,118,62,87,273,453,211,274,366,217,330,107,324,216,392,158,61,277,176,88,23,40,445,444,479,58,484,3,261,320,387,467,201,411,214,104,355,284,279,54,59,49,253,205,350,237,337,91,406,122,32,1,175,92,346,310,133,148,26,134,347,344,409,193,219,260,474,11,230,271,490,247,302,264,109,52,489,67,160,421,65,60,30,316,443,171,338,17,79,405,480,319,141,252,333,213,177,267,232,317,159,221,303,10,385,140,358,353,439,240,493,447,400,245,296,321,157,218,154,469,369,55,336,470,119,146,304,494,371,496,43,280,390,56,101,429,20,417,388,120,37,276,31,403,38,287,419,248,95,123,2,170,12,259,209,285,152,238,446,27,236,492,379,402,18,362,139,82,465,64,115,376,431,460,342,440,233,306,78,477,441,220,301,117,373,297,202,166,196,478,393,151,413,416,105,102,361,329,15,428,9,142,294,348,430,16,432,368,51,110,295,156,341,36,182,298,265,498,178,380,257,485,334,244,241,130,235,487,461,86,242,457,374,227,299,19,426,312,57,404,442,194,4,483,165,378,53,206,332,340,364,481,322,499,41,14,458,189,462,222,328,112,266,365,476,127,311,425,164,289,381,459,300,42,401,384,408,370,83,268,359,326,129,394,325,377,450,482,174,179,415,314,191,422,395,231,131,397,255,76,360,291,251,305,497,
A végeredmény a sorhoz : 563958

A kezdő táblázat
9,7,9,4,7,5,2,3,8,8,2,6,6,4,1,6,4,6,2,1,
4,6,1,8,3,1,3,8,2,4,3,3,7,7,2,7,1,1,2,3,
5,5,9,9,8,1,4,6,2,8,5,8,5,2,8,4,7,9,7,2,
6,4,2,8,2,9,2,7,2,3,6,6,2,8,4,4,3,2,5,8,
9,3,5,7,8,7,5,1,3,1,9,8,5,8,5,6,1,5,1,2,
9,1,1,2,2,8,8,6,9,2,4,4,9,5,2,9,9,6,5,9,
8,8,4,6,6,7,9,3,6,9,3,5,2,4,6,5,4,4,2,4,
3,8,6,4,7,9,9,6,3,4,5,9,3,8,9,7,8,4,4,5,
6,9,6,4,5,6,1,1,1,9,4,8,2,2,1,7,9,6,1,2,
1,8,9,7,6,4,1,2,4,9,3,3,1,9,3,4,9,1,4,9,
5,7,7,7,7,8,9,2,4,5,6,7,5,2,8,8,7,9,3,7,
9,4,5,9,9,1,2,8,9,5,2,8,9,3,7,6,1,9,9,5,
8,5,9,3,1,2,4,5,4,3,8,1,4,2,5,8,5,7,1,1,
9,3,3,3,3,2,2,2,3,9,8,4,9,4,3,3,3,5,9,2,
6,3,2,9,5,9,2,1,7,7,9,3,9,9,7,9,8,4,3,9,
9,9,6,4,9,1,9,9,7,1,5,4,7,9,1,8,5,1,7,5,
7,6,4,5,7,3,1,2,1,9,5,4,2,3,1,9,8,2,9,5,
9,4,9,2,2,2,7,8,3,8,3,6,9,2,3,6,4,8,2,1,
8,2,9,1,7,3,3,9,7,4,7,6,9,6,7,6,4,9,7,5,
3,1,4,1,9,5,4,2,4,4,9,4,4,3,6,4,8,5,5,5,
8,6,9,8,1,1,4,9,5,4,6,8,1,3,2,4,5,2,4,7,
9,5,6,3,8,5,3,2,9,3,4,3,3,6,1,4,8,3,1,3,
2,9,7,8,3,9,5,3,2,9,1,7,6,4,1,4,5,9,7,6,
1,5,3,9,6,1,8,1,2,5,3,2,8,7,8,5,2,2,4,5,
3,8,3,1,8,3,1,7,7,9,8,7,8,2,6,1,7,1,5,5,
7,7,3,1,5,9,5,8,1,8,2,2,4,5,6,2,9,5,4,4,
6,8,7,1,3,9,2,6,4,2,3,8,1,5,5,7,5,2,7,5,
2,3,2,1,4,7,6,6,3,4,2,1,8,7,9,4,6,5,4,8,
9,3,8,1,3,7,3,1,9,8,9,3,1,1,7,7,8,4,9,6,
9,3,7,4,7,9,2,8,8,1,8,2,5,2,7,5,3,3,1,9,
3,4,5,2,3,7,3,5,6,6,5,4,6,9,5,6,8,4,2,7,
9,3,8,3,6,3,6,3,4,1,1,8,3,2,9,4,5,1,8,3,
9,8,9,5,3,6,2,9,2,9,2,9,2,4,8,3,7,7,9,2,
3,4,6,2,7,7,6,6,4,8,1,2,2,6,7,6,3,2,2,3,
5,5,3,8,8,5,4,3,2,9,7,5,8,7,1,7,2,8,9,8,
5,3,9,1,1,3,8,2,2,4,3,4,3,4,6,8,3,4,4,1,
6,4,6,1,7,6,2,2,9,2,5,5,9,5,9,4,5,2,9,3,
6,6,4,2,6,8,2,9,6,5,4,1,2,9,4,9,3,7,4,4,
2,1,6,4,6,3,2,1,5,4,3,1,6,4,6,7,7,6,6,8,
7,1,8,9,3,8,4,2,7,2,7,4,2,6,1,7,8,8,9,4,
5,8,3,5,9,3,7,9,1,1,5,8,9,7,1,3,9,3,8,8,
9,3,4,3,8,3,6,4,9,8,6,5,6,3,9,3,9,5,9,4,
4,5,1,3,2,5,7,1,3,6,2,3,3,2,4,4,8,6,8,2,
3,8,5,3,6,3,7,3,3,3,3,1,2,8,9,7,4,3,6,7,
9,4,7,1,5,2,3,2,7,5,8,4,6,1,3,2,3,6,3,8,
8,7,4,9,6,9,9,6,8,7,4,7,6,4,8,8,2,8,7,5,
6,1,7,6,1,3,1,8,1,1,2,6,2,3,8,7,7,2,4,8,
2,8,2,7,8,7,7,2,8,9,5,6,6,4,5,9,6,4,2,4,
9,7,8,1,5,9,1,2,1,7,3,4,8,5,4,3,9,4,2,4,
4,4,6,3,6,6,2,3,3,6,5,8,2,9,8,1,9,7,5,1,
8,9,7,9,2,4,3,1,9,9,1,3,8,2,2,8,2,1,2,2,
8,9,4,1,7,3,8,6,7,1,4,8,5,7,6,5,6,2,4,2,
9,2,3,8,1,3,7,2,6,2,7,7,8,2,7,3,7,8,2,4,
3,3,8,3,4,4,5,1,2,8,5,4,5,7,1,9,9,3,5,6,
7,3,1,7,8,3,3,1,9,5,4,4,7,8,6,7,2,7,6,1,
4,3,1,4,7,5,6,1,4,9,5,1,2,1,9,5,7,4,3,6,
8,5,3,8,2,7,8,8,4,9,3,7,8,9,4,1,1,5,3,6,
3,3,3,7,1,2,8,1,5,6,6,7,7,8,7,3,4,2,3,2,
7,7,6,8,5,5,5,4,2,5,8,1,4,6,4,5,2,5,3,4,
3,6,2,6,2,2,9,1,7,7,8,2,8,5,2,7,8,1,2,1,
5,6,2,1,2,4,9,6,4,5,4,3,9,5,6,9,2,7,5,5,
9,7,7,2,5,3,7,4,3,4,5,1,9,6,9,5,7,2,7,7,
8,3,3,9,9,9,5,7,7,6,3,1,1,7,6,5,6,9,7,2,
1,5,7,1,2,9,3,6,7,9,1,1,6,6,5,3,4,2,7,8,
3,7,7,1,3,1,5,4,8,4,4,1,2,5,5,3,3,1,9,3,
5,8,8,5,9,4,2,9,7,9,7,6,8,3,5,1,8,7,8,7,
7,2,1,2,5,3,5,8,4,9,3,7,8,6,6,3,7,2,8,5,
8,5,3,4,7,4,4,5,6,6,3,3,6,9,1,2,2,8,6,9,
7,2,9,6,2,1,9,2,7,1,4,5,8,6,2,4,6,4,6,7,
8,5,1,3,9,2,7,9,6,4,2,6,7,6,7,2,3,6,6,6,
7,6,1,6,1,8,7,8,5,1,3,1,6,3,9,6,8,7,4,5,
1,5,4,3,8,5,2,3,2,7,5,5,5,5,8,3,4,6,4,6,
9,1,2,2,2,4,6,4,8,2,5,3,8,1,7,3,3,5,4,8,
6,8,1,4,2,8,2,9,2,3,3,1,6,4,8,4,8,8,6,3,
8,1,6,8,3,7,3,1,9,5,3,8,9,6,5,2,2,2,6,8,
9,1,2,3,3,9,1,9,6,9,1,3,3,4,4,5,4,6,2,4,
5,7,7,2,8,6,6,2,7,7,6,2,1,3,1,6,6,1,4,8,
6,4,7,8,3,5,2,9,9,6,9,8,7,8,6,5,6,1,8,1,
1,9,1,1,7,7,1,1,4,9,7,3,3,5,6,7,1,4,8,9,
7,7,5,6,4,6,3,3,7,4,9,8,5,1,7,2,1,1,8,7,
9,2,8,6,3,9,1,2,6,9,2,6,7,5,4,9,9,8,5,8,
7,3,6,8,6,4,4,6,6,2,1,7,2,7,9,4,9,7,2,2,
5,8,4,8,4,4,7,4,7,7,8,5,7,7,8,8,4,2,9,2,
6,6,7,4,7,8,3,1,8,2,1,2,9,1,1,7,7,9,7,5,
9,1,6,7,7,9,8,9,7,2,1,5,9,4,5,2,6,8,9,7,
9,3,2,8,5,5,7,5,8,8,2,3,2,3,7,4,2,9,3,6,
7,2,1,9,6,5,7,9,5,9,2,7,9,5,1,6,2,9,1,4,
9,1,4,8,8,8,6,2,1,3,2,5,4,2,4,4,8,3,7,7,
8,7,9,7,1,2,1,5,1,4,9,6,8,6,3,8,7,3,8,6,
5,7,8,7,2,1,5,2,5,5,5,3,8,6,2,3,6,2,1,3,
7,5,9,6,4,4,7,5,9,1,9,6,5,3,4,8,2,2,1,1,
9,6,7,8,8,7,8,6,2,1,5,7,7,6,4,8,2,9,3,6,
7,5,3,3,9,7,4,6,3,1,5,3,9,9,9,3,1,7,7,7,
8,8,7,4,6,5,6,9,9,5,9,4,3,7,8,6,8,6,9,7,
1,9,1,9,6,9,5,7,7,8,3,2,5,6,8,5,1,2,2,1,
1,5,5,9,5,3,8,7,8,4,7,2,7,3,4,2,6,5,7,9,
3,9,9,8,8,8,1,4,2,8,8,1,9,9,5,6,3,8,5,5,
5,5,6,8,9,5,7,7,4,5,9,9,2,1,2,3,1,3,1,9,
9,5,2,2,6,9,8,5,4,7,9,4,6,9,4,1,4,3,9,5,
1,6,4,6,2,5,5,5,8,6,4,7,7,5,1,8,5,9,1,3,
9,9,2,2,1,9,3,2,8,9,9,1,8,6,4,9,7,8,5,7,
1,9,5,5,8,5,5,7,4,5,5,1,2,9,8,7,7,5,9,2,
6,4,2,1,7,3,7,8,9,2,1,4,7,3,2,8,1,5,6,1,
3,7,4,1,8,6,2,9,8,6,3,4,9,6,2,6,7,8,5,9,
8,7,7,1,5,6,9,3,6,1,6,5,9,2,8,6,2,8,5,8,
4,4,6,6,1,8,4,7,7,1,2,9,4,2,2,5,6,8,2,9,
3,5,7,9,6,4,5,8,7,6,7,9,6,7,3,3,5,2,1,5,
4,8,7,5,2,7,2,8,8,1,2,1,3,5,2,3,3,4,9,4,
7,7,8,4,3,9,8,2,9,3,8,3,4,6,6,6,2,7,8,1,
1,5,9,2,1,2,9,3,9,2,4,8,1,5,9,6,3,6,5,7,
9,5,9,1,5,7,3,8,4,5,2,3,4,7,9,2,9,1,4,6,
2,4,5,5,5,9,5,7,4,4,3,5,9,7,1,4,7,8,5,1,
6,4,6,2,4,4,6,1,4,7,5,2,2,3,3,2,3,2,8,6,
9,1,3,7,1,7,7,3,4,9,1,8,5,7,9,3,8,6,9,5,
3,5,2,9,5,5,2,6,4,4,9,2,2,7,5,7,5,3,5,6,
4,7,3,1,1,9,9,4,8,1,4,9,5,4,9,7,4,7,7,4,
6,3,9,8,2,1,4,3,1,6,5,5,9,4,6,5,4,2,6,2,
2,9,1,9,6,1,6,9,5,3,4,9,3,1,7,3,1,7,9,6,
5,4,9,9,1,1,7,8,4,4,5,1,5,8,3,6,4,1,4,4,
3,4,7,8,3,2,4,8,1,1,4,5,9,5,7,9,7,6,8,8,
8,6,7,3,2,5,7,3,5,9,7,3,6,8,1,6,6,2,6,8,
2,1,3,3,6,8,2,9,8,3,5,6,5,2,3,5,4,8,8,7,
3,9,2,4,7,8,3,8,8,1,5,1,1,6,4,2,6,9,3,7,
4,9,5,8,3,1,4,7,1,7,7,6,6,8,2,6,2,1,5,3,
3,1,9,1,5,8,3,5,8,9,6,5,1,9,6,9,7,3,7,8,
1,8,8,4,6,7,9,7,5,3,8,6,6,2,7,3,8,3,8,6,
3,9,1,2,2,9,1,9,2,7,1,1,9,3,4,9,1,2,5,5,
3,1,7,8,2,8,3,2,2,4,5,1,9,9,4,1,5,9,3,7,
7,6,4,2,7,5,9,7,4,9,8,9,1,2,8,9,3,7,7,2,
4,4,7,9,4,8,4,7,9,8,8,2,2,3,4,8,8,7,2,8,
5,7,4,8,4,9,9,2,2,9,4,8,4,9,1,9,7,2,2,6,
1,6,6,2,4,1,4,4,2,2,5,6,9,5,2,6,7,1,3,8,
4,7,2,6,7,2,9,8,7,4,9,8,8,8,4,9,3,3,7,9,
5,7,8,1,2,3,5,4,5,3,5,8,1,6,8,2,1,4,6,5,
7,4,8,1,3,2,1,3,8,2,7,3,3,4,7,6,8,5,2,1,
2,1,2,1,5,3,5,4,9,7,7,2,6,1,6,7,4,5,9,5,
3,8,7,3,1,3,2,8,4,3,1,8,7,5,5,7,1,1,8,4,
2,9,1,8,3,9,1,4,5,3,2,3,5,2,4,2,1,1,2,9,
2,8,6,6,9,2,4,3,5,9,7,5,2,3,9,2,6,3,5,7,
1,4,4,2,9,9,8,6,5,2,7,4,3,7,5,3,1,2,4,3,
8,8,2,7,1,9,4,8,4,5,6,4,6,6,7,1,8,1,7,8,
5,8,6,5,7,6,9,1,7,7,8,6,3,9,5,7,5,4,4,2,
4,4,2,2,3,8,5,9,4,1,1,7,5,1,8,5,1,1,1,6,
5,2,4,2,5,5,1,1,7,7,9,1,1,3,9,7,1,1,6,9,
1,4,4,4,2,5,3,8,3,5,7,1,6,2,2,2,5,7,9,1,
4,2,8,5,8,1,5,2,3,8,4,9,2,8,9,5,9,3,2,5,
5,1,1,5,8,4,1,5,4,1,5,4,7,8,7,4,9,9,4,4,
1,9,7,3,4,4,2,3,4,2,4,3,5,6,7,6,1,1,8,8,
3,8,9,7,1,5,3,6,1,7,4,9,9,1,8,8,3,1,8,7,
6,1,7,2,7,2,7,6,8,6,6,7,7,1,7,6,9,1,9,1,
1,8,8,1,8,2,2,2,5,7,6,5,4,9,3,8,3,9,3,9,
2,7,2,9,2,9,7,7,5,6,2,6,4,8,7,5,1,6,6,6,
4,1,9,8,1,8,1,9,6,3,7,4,5,7,8,7,5,6,2,4,
3,1,7,6,2,9,1,7,9,6,2,3,8,6,3,9,3,7,5,7,
6,3,9,5,2,4,5,2,4,3,9,5,7,2,6,8,6,9,3,3,
7,4,7,2,3,7,6,5,3,3,8,4,4,6,1,3,9,7,7,2,
2,1,3,1,6,8,5,2,3,7,4,2,2,4,3,3,8,5,7,4,
5,4,7,1,3,8,1,2,2,6,6,4,2,7,1,6,3,2,2,7,
1,4,6,3,7,2,6,9,6,4,3,9,9,2,8,3,8,5,8,7,
2,6,8,1,7,8,7,3,5,2,5,3,6,3,2,6,2,9,2,8,
2,1,6,3,5,2,5,7,7,7,5,6,1,7,2,6,1,3,5,8,
3,6,8,7,8,1,5,1,2,2,9,4,4,3,6,4,1,3,8,6,
1,4,5,5,5,1,6,4,2,8,9,5,2,8,1,2,2,4,6,9,
3,5,9,5,2,9,3,4,1,7,6,6,2,6,2,8,8,3,9,6,
3,2,1,8,8,9,9,2,8,7,1,1,5,9,6,3,7,6,3,5,
5,5,8,1,1,1,6,3,5,5,6,2,8,7,2,1,7,6,8,4,
9,8,9,2,1,6,2,2,8,4,1,8,5,8,3,6,2,2,8,8,
6,8,5,4,8,8,6,2,8,2,4,2,4,5,9,1,5,4,7,4,
7,1,8,8,8,5,5,9,2,4,3,1,8,1,4,9,2,7,9,1,
2,7,8,6,1,7,5,6,5,6,7,3,7,8,7,3,9,7,3,5,
7,4,3,6,4,8,4,3,7,2,4,3,3,5,3,8,7,6,3,9,
9,9,1,1,7,4,1,2,6,3,5,3,6,8,2,4,5,9,7,7,
5,2,5,1,8,1,4,1,3,5,7,7,3,5,8,7,8,6,4,2,
3,4,3,6,3,3,3,3,3,8,2,7,8,9,6,1,3,7,9,4,
9,7,3,8,8,9,5,2,2,6,7,1,9,4,2,1,1,4,6,3,
9,8,1,3,9,1,1,7,7,2,9,7,8,4,8,7,2,6,1,3,
9,8,1,5,9,9,7,9,1,6,8,1,8,4,8,8,3,1,1,2,
8,4,1,8,2,2,3,2,8,4,1,1,9,4,8,7,7,4,9,2,
7,7,8,9,1,6,6,8,3,5,5,8,6,4,8,7,6,2,8,9,
7,2,8,1,6,5,1,3,5,5,8,4,8,3,8,5,7,4,2,2,
4,3,4,6,3,8,1,1,8,1,9,3,4,3,5,5,2,2,5,3,
6,2,7,4,9,7,6,9,3,7,3,9,9,6,5,5,9,8,9,1,
9,3,9,3,4,6,7,5,4,1,5,6,7,4,5,1,5,2,3,6,
1,5,4,3,1,9,9,3,7,9,7,2,7,8,9,2,7,7,6,7,
4,4,9,2,2,3,6,1,4,1,1,2,8,2,1,3,3,8,7,5,
4,2,5,7,4,6,9,9,6,2,2,8,6,5,6,4,5,7,2,5,
8,1,6,7,7,2,3,2,1,8,3,4,8,2,8,9,3,9,3,2,
3,6,2,2,4,2,5,5,3,3,2,3,2,9,7,9,5,3,6,2,
6,3,1,9,9,4,9,1,5,3,6,2,1,6,9,6,5,3,9,5,
6,2,8,2,8,3,2,1,1,8,5,8,6,1,4,5,6,4,8,3,
6,2,3,2,4,3,2,1,7,1,6,9,7,7,9,4,3,3,8,3,
8,9,4,8,5,3,6,5,2,7,2,3,7,3,2,7,5,3,9,7,
6,3,5,3,8,9,3,3,3,6,9,1,2,4,6,3,8,5,7,4,
4,8,4,6,3,7,6,7,2,1,3,4,7,2,9,9,4,9,5,5,
4,9,9,1,4,7,4,4,3,1,5,3,3,8,4,8,2,6,6,1,
8,3,4,7,8,6,3,2,3,2,2,1,3,5,4,2,4,9,3,9,
1,9,8,6,8,9,1,7,8,8,7,4,1,5,4,1,7,7,5,5,
9,9,9,9,5,6,8,2,5,7,6,7,2,9,2,8,7,5,5,6,
6,2,2,9,9,8,6,3,8,2,8,6,7,1,7,9,9,9,6,7,
3,1,6,4,6,5,8,8,7,1,4,7,3,9,4,8,6,9,1,2,
4,6,9,6,6,1,2,7,2,5,2,4,1,4,4,1,3,1,4,2,
9,8,1,7,6,3,5,1,4,3,3,8,2,7,5,2,3,7,7,4,
1,9,1,9,9,9,5,7,1,5,1,9,6,8,9,9,9,6,3,8,
8,9,5,9,8,3,8,5,3,5,2,7,1,4,9,4,3,3,5,1,
5,6,5,1,6,2,6,2,1,9,3,8,4,8,9,8,1,3,9,6,
4,8,5,3,6,6,4,4,2,6,4,2,5,8,8,4,5,4,3,8,
2,1,3,5,2,1,8,4,9,1,9,2,7,8,9,9,4,3,8,2,
3,5,1,8,5,9,5,9,1,5,4,4,6,8,4,3,6,7,5,1,
2,1,3,9,6,7,6,4,8,4,7,2,2,4,5,7,9,7,3,5,
5,2,7,3,2,8,5,4,7,6,5,2,4,5,7,5,4,6,4,9,
3,9,7,8,3,9,9,2,2,2,8,8,9,7,8,4,7,6,6,8,
1,1,7,2,2,6,5,6,2,6,5,9,3,5,2,7,6,6,7,7,
6,2,8,6,3,8,4,3,9,8,5,3,9,2,6,9,8,2,6,8,
4,2,3,3,8,1,7,9,2,1,1,3,4,8,7,2,6,1,9,5,
8,7,1,3,1,6,6,3,5,5,5,6,7,5,7,3,4,1,1,5,
3,8,7,2,1,2,5,8,1,3,4,5,4,1,4,4,5,3,5,9,
3,9,6,5,5,4,5,3,6,7,8,9,8,6,1,3,2,1,1,4,
8,7,5,8,9,7,1,5,2,8,3,4,8,9,4,4,8,1,8,1,
8,9,4,6,1,7,8,9,8,9,1,1,2,1,5,2,4,5,4,5,
9,7,6,3,4,9,7,2,1,5,6,3,2,4,9,6,8,9,2,1,
1,6,9,2,3,9,2,3,7,1,3,9,1,4,8,8,8,2,4,6,
4,8,8,4,4,1,4,8,4,7,3,1,2,2,7,6,9,6,5,8,
1,4,5,7,8,4,6,7,9,8,1,3,3,6,8,9,5,5,7,3,
9,3,4,5,4,1,6,7,6,4,7,7,3,5,7,2,1,3,8,1,
8,3,2,5,1,7,7,2,1,7,6,7,1,4,4,3,2,7,1,5,
1,2,5,5,6,3,1,8,4,7,5,8,5,2,8,7,5,5,9,7,
5,6,5,7,2,1,5,2,3,5,9,8,4,8,1,2,9,2,6,6,
4,7,6,3,9,4,8,8,9,6,7,1,1,7,2,9,6,3,7,9,
3,8,5,9,7,1,6,4,8,9,8,7,9,3,4,2,4,2,9,2,
7,5,7,9,7,1,1,1,1,6,8,7,8,4,6,6,3,4,6,2,
5,1,3,1,1,5,7,4,6,3,7,4,1,5,2,6,1,3,9,6,
8,4,9,1,6,4,9,9,6,3,4,9,6,4,3,8,9,3,9,1,
4,1,3,2,1,7,3,6,2,8,1,3,6,7,9,9,9,9,1,8,
5,8,2,1,1,6,5,9,7,3,8,4,4,6,9,6,5,2,2,2,
2,4,2,2,3,2,1,9,9,7,8,5,5,5,3,4,1,2,6,8,
4,5,1,1,5,1,9,9,8,6,9,4,4,1,6,8,7,2,9,1,
1,3,6,8,7,7,9,6,3,4,1,7,9,1,8,5,8,7,2,8,
1,2,8,5,2,2,4,9,4,7,8,9,9,9,1,7,3,9,3,4,
5,7,4,6,5,5,3,3,7,6,3,5,4,8,6,8,5,5,5,8,
6,8,2,2,8,8,4,2,6,2,1,5,6,3,9,2,7,8,7,4,
4,7,2,8,2,9,5,9,8,4,2,6,9,5,3,7,1,7,2,1,
4,9,8,9,6,6,4,4,7,4,6,3,6,3,5,5,5,2,8,6,
7,3,3,9,1,4,4,2,1,8,5,6,9,5,9,2,1,8,1,7,
9,4,5,4,9,7,5,5,5,9,7,3,9,5,6,6,9,2,7,5,
4,9,4,7,6,2,9,8,7,2,6,1,3,2,2,4,9,4,9,3,
1,8,7,9,3,9,5,4,4,8,6,8,2,9,1,8,5,2,6,1,
4,4,9,8,7,6,9,4,3,2,5,8,8,9,4,2,4,8,3,8,
2,7,3,8,1,7,5,9,7,4,2,8,3,9,5,6,1,8,4,3,
1,5,8,3,8,9,4,6,1,4,2,4,7,5,8,3,7,3,2,1,
9,5,8,3,7,7,2,7,5,9,7,2,1,5,2,2,3,3,1,5,
9,4,2,7,2,4,3,8,8,8,3,5,1,8,3,2,9,8,2,1,
1,1,8,9,3,8,9,6,9,7,8,9,4,5,5,8,7,7,3,1,
4,7,9,9,2,1,1,1,5,9,5,1,9,8,5,6,5,9,6,7,
8,8,5,2,6,2,8,1,5,9,4,4,6,8,2,9,7,4,6,6,
7,1,2,1,9,1,5,6,5,3,2,9,2,1,8,3,1,6,1,6,
3,3,1,1,6,9,4,7,9,6,5,9,8,9,3,1,8,8,2,9,
2,5,4,2,2,2,8,4,9,2,2,8,3,6,2,3,9,2,6,2,
6,8,9,9,5,3,5,4,6,1,9,3,6,5,5,1,4,4,6,3,
8,4,9,1,8,2,8,3,5,3,2,7,9,6,5,1,5,5,7,4,
5,9,1,9,4,4,2,7,2,4,5,6,4,1,5,3,7,5,5,1,
2,3,5,7,6,4,2,7,3,7,7,8,6,6,2,2,9,7,1,2,
5,3,8,3,4,8,2,6,1,2,7,6,4,5,9,2,1,5,9,1,
6,6,1,3,6,3,1,6,1,5,1,2,4,5,5,6,9,3,6,6,
6,6,5,4,3,3,9,2,7,7,6,6,4,9,1,3,6,6,1,8,
3,9,8,3,2,9,3,3,7,1,9,2,1,4,8,7,2,3,3,3,
3,9,6,4,2,1,5,9,9,7,4,2,5,6,6,9,3,9,1,6,
9,2,5,9,5,4,8,3,1,4,7,6,9,6,5,5,8,1,7,3,
2,6,5,8,6,3,2,2,2,7,6,5,7,4,2,5,4,9,4,2,
9,3,9,2,8,2,6,9,9,4,2,5,6,6,2,5,6,3,9,4,
1,3,2,4,9,5,2,8,3,7,8,6,5,4,4,4,6,6,7,7,
8,8,6,6,8,3,3,1,4,6,9,9,3,3,1,6,3,3,3,8,
7,8,6,5,7,3,2,4,1,1,6,1,5,6,1,2,1,7,8,6,
4,4,7,1,7,8,6,7,5,7,9,4,9,1,8,6,8,9,6,7,
1,5,4,1,4,3,3,2,2,7,7,3,9,3,2,5,6,6,3,5,
1,8,5,1,9,8,2,6,7,6,6,5,6,1,4,9,3,7,4,1,
6,9,7,8,1,9,7,8,9,3,8,1,1,4,5,3,8,2,5,7,
4,9,6,8,2,5,1,6,2,9,6,2,7,5,1,1,5,4,4,2,
4,8,1,8,5,7,5,5,9,7,3,9,6,6,8,4,5,9,1,6,
8,4,7,6,5,2,4,8,3,5,6,7,4,7,4,6,2,5,9,4,
5,3,3,8,1,3,5,5,3,1,8,6,7,3,4,8,7,5,8,9,
5,4,8,7,1,8,5,3,5,1,7,1,7,6,5,7,7,6,6,3,
3,7,9,8,4,4,3,6,7,4,6,9,9,4,6,3,2,5,4,6,
8,5,2,1,3,8,1,7,3,3,7,4,7,4,7,8,9,2,9,2,
7,5,2,2,2,7,3,9,9,8,3,9,5,2,3,9,3,5,2,1,
2,2,3,1,2,5,8,8,1,9,5,2,9,6,3,9,3,5,2,9,
3,3,2,6,1,8,5,7,5,6,6,4,7,7,2,6,3,5,4,9,
3,3,5,6,1,4,3,3,8,5,9,3,7,4,5,1,5,7,5,2,
8,6,2,3,4,1,1,1,5,1,7,3,7,9,1,4,4,4,6,2,
1,8,5,6,9,3,7,1,5,3,8,4,6,8,1,4,8,2,3,7,
2,3,6,2,9,4,4,3,1,1,5,8,5,8,8,2,5,3,3,5,
9,8,3,2,7,7,6,6,1,6,9,7,7,1,9,9,8,5,1,7,
5,8,3,7,1,1,1,7,4,9,2,7,9,3,2,6,1,5,5,5,
1,4,1,6,7,6,8,7,1,3,1,5,4,2,7,2,4,7,5,6,
9,6,7,2,7,4,3,9,7,4,1,5,8,6,4,2,9,5,1,7,
3,2,2,3,4,8,5,2,9,6,5,4,8,7,3,5,6,5,9,4,
1,7,6,6,2,1,4,7,4,5,5,1,1,9,3,7,5,7,5,6,
7,6,1,6,8,2,5,9,3,2,4,9,6,5,3,9,7,8,7,3,
9,4,6,3,6,2,7,5,2,4,9,7,6,9,5,9,8,8,1,3,
7,6,6,7,4,7,9,1,6,4,3,6,3,7,2,6,4,3,1,5,
7,3,8,6,4,4,2,2,7,8,1,8,4,9,6,1,6,9,2,1,
7,3,4,9,5,4,3,1,7,5,4,7,7,2,2,7,6,8,5,2,
4,9,7,4,2,1,5,5,3,3,8,5,1,3,7,5,9,1,9,6,
4,7,9,8,3,8,1,6,3,1,1,4,3,6,8,1,4,3,1,4,
5,7,9,4,9,1,3,7,7,9,9,8,7,1,1,9,4,8,2,2,
8,8,1,5,3,6,9,2,2,1,1,1,3,3,4,1,1,9,5,6,
6,4,8,3,7,7,9,9,8,2,4,2,6,9,6,9,4,2,1,2,
3,9,9,9,1,9,7,6,4,5,1,2,4,1,1,4,9,1,3,2,
7,5,6,2,5,5,3,2,1,1,1,1,8,9,9,4,7,3,4,6,
3,9,3,7,5,7,6,3,9,5,3,2,8,4,8,9,7,5,2,9,
7,2,7,8,9,5,1,5,3,2,7,5,3,2,1,2,8,8,8,5,
1,9,3,7,8,5,9,1,8,6,5,7,1,7,9,5,2,2,1,8,
9,1,9,7,5,8,6,8,9,5,7,6,4,5,6,9,1,7,1,1,
6,7,5,9,4,4,8,3,2,6,6,9,4,3,1,1,4,6,3,4,
3,7,9,9,4,7,8,6,2,2,9,7,9,8,3,6,4,1,3,5,
6,1,6,2,5,3,8,3,2,5,2,2,4,6,8,1,1,2,8,2,
6,3,7,7,6,9,3,2,4,2,3,5,9,8,5,4,5,4,2,2,
8,2,4,3,7,8,7,5,6,7,5,5,7,4,5,6,5,2,7,6,
5,6,8,2,7,2,7,6,6,3,4,5,4,8,4,8,4,4,2,4,
4,2,5,1,8,7,7,4,9,3,6,9,4,5,1,7,3,8,1,7,
9,2,1,2,2,8,9,1,4,8,8,1,6,4,1,1,8,2,7,2,
2,4,4,9,6,5,9,6,7,6,9,4,8,3,4,1,2,3,4,6,
6,1,3,6,3,8,7,7,6,9,3,7,2,7,7,9,1,4,8,2,
9,6,4,6,9,9,1,7,6,1,8,8,7,8,2,4,4,2,4,4,
2,1,4,4,7,3,9,1,8,9,5,1,2,7,9,9,2,8,9,7,
6,1,2,7,6,5,3,9,1,9,3,2,1,8,7,3,8,4,8,6,
8,3,5,2,6,8,8,6,3,9,8,6,1,8,1,9,5,8,3,8,
7,8,2,1,8,8,6,1,7,4,1,9,8,2,3,8,9,2,9,6,
3,1,3,9,9,2,8,9,9,3,4,4,6,2,4,2,7,5,4,9,
8,2,4,1,1,7,4,4,7,8,3,5,8,1,6,5,8,9,2,1,
7,7,9,2,7,7,2,4,9,5,4,5,2,6,5,7,4,7,8,2,
5,1,9,4,6,5,4,6,2,5,3,8,9,2,7,9,3,4,8,3,
8,5,3,9,5,9,4,3,5,3,6,2,7,1,4,8,6,8,7,7,
6,6,9,2,6,1,7,5,5,9,8,9,3,9,9,8,6,1,6,8,
1,9,3,3,2,2,7,8,7,3,9,1,3,1,8,3,2,5,2,2,
9,9,9,9,2,3,7,6,3,5,6,6,5,3,5,1,6,3,3,1,
4,5,5,4,1,1,5,5,6,6,7,2,2,3,1,7,4,9,9,5,
8,3,5,3,6,3,8,7,9,6,8,9,2,7,2,5,1,2,6,6,
4,9,9,4,7,6,3,2,8,3,8,2,3,6,3,1,9,2,2,2,
8,9,9,4,3,2,6,6,7,3,4,2,3,4,1,8,2,5,9,9,
9,9,6,5,3,3,6,6,3,1,6,7,5,5,9,4,2,6,4,2,
5,8,3,3,3,4,8,9,5,9,7,6,4,6,6,6,9,8,7,6,
7,2,9,6,7,5,5,9,1,4,8,1,1,9,6,2,1,1,6,3,
3,6,8,4,3,4,6,2,4,9,6,6,3,1,4,8,7,7,3,5,
1,9,9,4,4,6,5,8,6,3,2,1,1,8,9,8,3,6,5,9,
4,4,1,6,3,9,9,6,1,6,2,9,3,4,1,7,4,6,3,9,
1,1,2,5,2,7,7,7,8,2,8,3,6,4,8,7,6,6,8,7,
2,5,5,4,5,8,8,4,5,8,1,2,1,8,5,6,7,1,2,7,
6,6,8,8,2,1,1,1,3,6,2,3,3,1,5,2,6,5,5,1,
6,8,8,5,1,2,3,5,3,5,1,9,1,7,6,1,2,7,3,5,
9,3,6,9,1,9,1,8,3,1,3,4,3,1,5,7,2,7,6,5,
7,2,5,9,7,2,6,5,2,7,6,7,1,7,9,9,4,9,7,7,
9,8,9,3,1,6,4,1,6,1,7,3,7,6,1,6,2,5,9,1,
6,6,9,8,9,9,9,5,8,7,1,7,4,9,9,7,7,1,1,2,
9,9,6,1,9,1,7,8,3,5,4,6,1,9,2,5,5,8,2,5,
1,6,6,2,7,9,4,5,5,7,4,6,8,6,1,6,3,1,5,9,
5,3,4,3,6,4,7,9,1,2,6,5,1,5,7,1,4,7,1,7,
6,5,1,4,8,8,9,8,8,1,4,3,5,3,8,6,9,2,4,7,
7,9,7,8,4,9,9,6,4,3,5,5,3,7,3,9,7,5,9,3,
2,5,2,7,6,2,4,7,3,6,5,6,9,5,8,8,5,7,2,6,
2,6,4,1,1,3,3,1,6,6,3,6,5,8,3,9,1,2,1,4,
5,2,6,4,8,9,1,8,5,3,7,2,1,2,4,4,6,9,7,8,
5,5,2,4,7,3,3,7,4,9,8,3,6,9,5,5,2,1,8,8,
4,8,4,4,2,4,9,6,1,9,8,5,6,4,8,5,9,9,4,4,
1,2,2,7,1,7,5,9,7,5,7,2,1,4,7,6,1,5,7,8,
6,6,1,5,8,7,7,8,1,3,9,6,7,4,7,5,3,7,9,2,
8,3,2,3,2,4,8,4,4,7,9,2,9,7,2,8,8,5,2,5,
5,3,8,6,2,2,7,3,4,3,1,9,2,5,9,6,7,5,2,1,
8,5,3,1,9,8,4,8,1,3,3,8,7,9,9,5,5,4,1,3,
5,7,2,1,5,6,7,4,9,1,1,6,9,6,8,6,3,6,2,7,
8,7,5,6,6,4,7,7,8,2,4,6,4,5,4,6,3,2,5,4,
6,5,2,6,1,1,4,4,3,7,5,5,4,8,8,1,4,6,3,4,
5,4,8,4,8,7,5,6,6,2,9,6,2,9,3,2,4,4,4,6,
9,8,6,5,9,7,2,7,6,1,4,1,7,5,5,3,1,9,6,5,
1,8,2,1,3,9,5,9,9,1,5,7,6,6,6,6,3,9,5,8,
5,2,2,5,2,4,3,1,6,6,3,9,9,5,3,7,4,7,5,2,
2,4,7,1,4,4,1,1,2,1,8,5,2,3,5,9,9,7,3,9,
3,8,8,1,3,9,4,2,6,2,4,2,8,8,4,2,1,8,2,7,
9,4,1,1,3,3,9,1,3,9,6,7,5,5,9,2,5,8,9,5,
5,3,6,1,9,4,7,8,9,6,4,4,5,7,6,2,6,7,4,6,
5,5,8,2,9,8,2,4,7,9,8,2,2,8,9,4,3,8,6,6,
8,2,1,1,7,3,1,2,9,7,6,1,6,4,6,3,7,1,8,8,
7,7,7,7,2,1,2,1,7,9,1,5,3,4,1,4,6,8,2,2,
5,6,8,8,4,7,2,9,3,3,4,7,3,9,2,5,7,2,9,9,
1,8,2,7,4,3,7,1,4,2,4,8,7,8,8,6,9,8,9,7,
8,6,6,6,5,9,4,4,8,7,3,2,1,7,8,4,5,3,3,2,
5,9,3,9,7,9,7,7,7,1,1,4,1,6,9,6,5,7,4,9,
8,7,1,4,9,4,4,1,6,3,2,9,9,7,7,3,7,1,6,8,
6,9,5,6,8,3,9,5,8,8,2,4,3,8,4,8,6,9,7,7,
7,1,8,2,9,4,2,4,9,3,7,4,9,9,1,4,4,8,8,8,
2,6,5,1,5,5,5,7,1,1,3,2,6,3,9,2,6,4,5,4,
5,9,8,9,5,2,2,8,2,6,6,7,9,4,6,7,5,8,8,9,
4,6,6,5,6,6,8,3,3,2,3,3,9,4,1,2,5,8,4,2,
9,1,8,4,4,5,4,9,6,8,4,2,1,4,5,2,5,9,3,2,
3,5,7,3,3,7,1,9,8,4,4,3,8,8,9,4,1,3,3,4,
1,5,3,6,8,9,2,6,6,1,1,2,1,7,6,4,9,2,4,4,
7,2,2,1,4,9,9,6,3,4,2,6,3,8,5,3,7,8,7,4,
9,6,3,9,2,8,9,6,4,6,8,5,8,6,6,1,9,1,7,5,
8,8,9,9,5,5,2,9,7,7,7,7,2,7,4,9,8,7,6,3,
8,7,1,9,5,2,4,2,9,7,9,9,2,9,8,9,8,5,4,1,
4,2,2,4,2,1,4,8,6,5,7,6,1,5,7,9,3,9,5,1,
9,7,6,6,9,3,6,3,8,5,8,6,5,6,4,8,3,4,4,8,
1,3,7,6,7,9,2,4,1,4,5,2,5,1,2,8,5,1,7,1,
1,4,6,3,8,2,6,8,4,1,4,6,7,1,3,6,6,5,1,6,
9,7,9,3,6,8,6,3,9,5,8,6,3,9,8,8,1,7,9,3,
2,1,8,6,8,3,5,8,8,3,1,9,4,7,3,9,2,9,9,1,
1,5,5,4,8,4,1,2,5,9,7,1,6,8,9,5,6,6,5,4,
8,4,8,8,8,5,6,6,2,4,1,5,5,7,1,7,8,3,3,2,
3,7,2,1,7,4,8,9,7,2,1,5,3,1,5,8,7,9,9,2,
7,5,7,9,7,9,1,9,1,7,6,7,9,2,7,6,6,4,2,9,
4,5,2,1,3,7,8,6,2,1,3,2,7,6,8,2,9,3,8,4,
8,9,4,3,3,5,4,8,8,4,1,6,4,7,4,3,3,7,3,3,
4,9,4,4,4,6,1,8,1,4,8,2,4,9,2,8,8,2,9,7,
3,2,3,5,9,8,6,9,6,1,7,6,5,6,9,1,9,2,3,8,
5,4,4,9,2,2,3,8,6,4,3,7,8,8,3,9,1,2,7,7,
2,7,9,5,6,1,5,3,8,3,8,6,3,3,6,3,2,2,8,2,
8,8,7,8,4,5,5,9,4,8,9,8,7,6,7,8,3,8,5,1,
6,2,3,5,4,6,6,6,4,9,7,7,4,1,2,5,1,8,6,8,
6,1,5,3,9,1,5,8,9,9,4,9,2,5,1,9,5,9,1,8,
6,6,3,5,2,6,6,3,7,2,1,4,5,9,8,2,6,2,5,7,
4,5,4,1,5,5,5,9,2,6,2,5,4,4,5,9,4,7,9,2,
2,9,3,7,7,9,7,1,5,9,5,4,9,8,3,8,3,5,9,2,
2,6,3,4,9,6,5,1,7,2,8,8,8,9,1,8,5,1,7,7,
5,8,4,3,5,5,7,7,6,8,2,5,1,9,6,1,1,4,6,3,
8,2,1,8,3,8,5,2,9,6,2,6,8,4,6,8,3,5,4,2,
3,4,7,6,8,1,9,8,2,5,5,7,5,1,6,3,9,5,7,8,
9,1,8,7,7,9,3,9,3,2,2,1,9,4,7,1,4,3,3,1,
3,3,8,2,6,1,6,9,9,8,9,5,6,2,5,6,2,5,8,1,
4,1,4,7,7,8,3,8,2,4,9,1,1,6,5,8,8,8,1,6,
9,8,8,6,7,5,1,2,8,1,5,4,1,3,5,3,4,8,7,7,
3,3,9,3,6,5,6,4,7,1,2,1,2,9,5,5,4,7,3,8,
9,4,3,8,5,7,1,4,8,7,8,7,7,1,8,8,1,4,5,7,
7,4,4,5,1,6,3,1,2,6,5,7,7,9,6,4,4,3,4,1,
5,7,5,3,2,7,7,3,5,3,6,9,9,1,3,5,6,6,1,7,
9,9,5,1,2,4,2,8,9,4,2,8,6,5,3,2,8,7,4,8,
3,5,2,4,8,6,9,2,2,2,9,6,3,7,7,4,9,6,1,9,
3,6,6,8,8,9,7,9,7,4,1,9,8,8,1,3,9,6,5,1,
7,4,7,4,1,5,7,7,1,7,1,8,6,1,5,1,9,6,9,7,
7,5,9,3,7,4,6,5,9,3,6,7,1,3,7,8,5,1,5,8,
1,7,9,8,9,3,1,2,8,9,7,1,8,4,2,3,3,6,9,1,
7,4,9,2,6,4,2,8,2,2,9,3,2,5,5,2,1,6,7,3,
6,1,3,4,6,6,5,3,7,4,3,9,8,3,2,2,6,3,2,3,
5,7,4,7,9,2,9,6,4,3,3,9,4,4,4,4,5,1,4,2,
3,3,8,5,7,4,3,1,1,6,6,4,8,4,1,1,3,2,9,8,
4,5,7,4,7,8,8,3,3,1,9,9,9,5,7,3,4,5,2,9,
5,4,7,1,9,5,6,7,2,5,2,2,1,6,3,9,6,1,8,5,
6,2,2,1,3,6,4,4,1,1,5,4,8,4,7,1,4,5,6,1,
3,9,4,9,5,3,7,3,2,3,4,1,9,7,5,1,5,5,8,9,
8,8,8,7,5,6,5,4,7,6,8,1,4,6,5,9,6,9,7,9,
6,3,9,7,2,3,6,2,1,7,9,7,3,9,2,8,3,5,1,1,
1,1,2,3,1,4,2,3,3,1,6,2,1,8,4,2,1,2,6,6,
9,9,1,9,4,2,9,2,7,8,5,1,1,3,9,5,2,9,8,5,
9,3,5,7,8,4,5,2,9,2,1,5,1,9,9,3,6,2,9,4,
7,4,5,2,8,1,2,9,4,2,7,6,1,2,5,1,2,1,2,9,
8,2,6,4,9,5,2,8,1,2,3,9,8,8,2,4,6,1,2,6,
9,7,8,6,3,8,3,9,4,8,3,8,8,6,4,6,2,8,2,6,
7,7,8,3,9,7,1,2,1,5,3,8,2,7,3,4,9,4,4,3,
1,5,3,1,5,1,4,5,5,2,1,7,8,8,9,1,8,4,6,8,
7,6,3,7,2,7,2,4,4,8,1,7,5,7,5,5,2,2,8,9,
4,5,9,3,6,2,4,3,2,7,5,1,7,5,2,8,3,8,4,3,
8,8,6,4,5,7,1,9,9,1,1,6,8,5,9,4,1,4,2,4,
7,5,1,6,3,2,5,1,5,9,4,6,9,8,7,3,8,8,5,9,
6,9,8,4,3,7,8,5,8,8,6,2,3,1,9,2,4,5,1,1,
8,9,7,8,1,9,8,2,8,7,5,2,4,1,7,6,3,4,7,8,
3,1,8,1,2,4,1,5,6,6,7,7,9,1,3,1,7,5,7,1,
6,6,3,3,2,5,7,5,3,7,7,9,7,3,4,3,3,3,9,4,
5,6,3,6,4,5,8,8,2,9,5,1,9,7,3,7,1,4,8,6,
2,2,6,6,8,4,4,2,4,1,7,5,6,5,5,1,8,3,2,4,
7,1,7,4,3,8,5,8,9,8,5,5,6,7,9,5,6,3,4,5,
3,8,9,9,9,9,7,6,7,9,3,7,2,1,2,7,6,3,7,5,
2,3,8,2,7,2,1,3,9,4,2,4,9,3,4,5,5,9,3,6,
3,3,5,8,2,9,8,4,4,9,5,6,6,7,1,7,3,6,4,8,
1,5,5,8,5,6,9,4,4,7,8,1,7,3,3,6,1,4,1,6,
9,6,1,7,5,8,7,3,4,4,1,4,1,4,7,8,8,3,2,9,
3,5,5,1,8,1,9,2,1,6,8,1,6,1,4,3,5,6,1,2,
2,6,6,5,8,3,3,7,1,3,6,2,4,9,2,6,2,9,5,8,
9,9,5,3,5,8,9,3,8,8,7,6,2,1,3,5,9,1,6,5,
8,9,2,4,4,4,1,7,8,4,7,3,2,7,5,1,6,4,7,6,
8,2,3,1,1,1,3,2,2,8,2,7,1,6,7,1,5,7,9,7,
8,5,9,1,2,2,3,6,7,6,6,9,5,1,8,7,4,8,5,2,
2,2,2,7,7,2,7,8,8,1,1,1,1,4,2,6,8,6,1,8,
3,9,7,3,1,5,2,1,8,3,1,3,3,1,9,9,3,2,5,8,
6,4,7,5,5,1,1,9,6,5,3,6,3,8,4,8,2,5,5,5,
7,1,4,9,3,1,4,2,8,7,2,9,6,1,7,5,7,1,8,1,
5,1,2,6,7,4,9,2,1,6,5,8,9,5,3,7,3,8,4,5,
4,4,1,2,6,7,9,8,4,8,1,4,5,7,7,2,5,3,5,6,
8,2,7,9,8,9,7,5,2,7,7,9,1,1,2,1,8,7,5,8,
6,2,9,1,3,4,4,6,3,8,9,8,9,5,4,6,7,5,3,6,
6,6,9,7,8,5,3,7,9,6,1,5,8,7,1,9,4,2,4,9,
7,6,5,9,6,4,1,9,5,7,3,7,9,6,7,6,6,2,2,7,
1,3,3,7,9,4,2,5,5,3,7,6,3,6,2,5,8,7,4,7,
8,6,1,7,6,4,2,3,2,7,4,8,3,3,1,9,1,3,4,2,
8,5,4,2,8,3,2,3,9,4,4,6,1,7,1,8,4,4,2,4,
5,4,8,2,2,3,4,7,6,6,6,1,5,9,7,7,5,1,9,7,
9,1,9,5,6,6,2,6,9,6,8,4,5,1,3,8,7,7,8,4,
7,4,4,5,5,3,5,8,5,2,5,4,1,6,9,1,3,5,6,6,
7,1,7,7,3,7,3,6,1,4,1,2,5,2,5,9,8,3,7,6,
2,2,2,3,1,9,4,1,5,8,3,5,5,9,9,2,5,7,3,6,
3,4,4,2,8,3,2,3,4,2,6,4,7,1,9,6,7,7,3,3,
7,9,2,4,3,9,6,8,4,1,7,5,5,5,9,4,3,8,5,3,
1,4,2,2,5,4,4,7,6,3,4,7,8,4,5,2,7,3,7,2,

A megoldás :
78,153,489,146,184,345,284,363,333,156,172,273,421,449,399,75,42,389,19,1,143,57,36,407,149,292,445,358,496,442,33,427,354,255,394,499,471,269,235,168,409,285,456,463,483,160,239,395,71,417,490,211,247,27,380,289,434,484,479,213,401,121,254,102,470,288,294,355,126,232,162,99,261,135,208,35,412,327,63,66,101,147,321,328,368,423,497,171,131,464,323,344,330,267,111,173,370,272,206,157,94,335,234,319,402,359,404,260,233,190,158,187,14,477,222,124,365,224,49,47,53,59,324,230,199,325,318,207,436,419,151,373,69,256,316,105,183,225,185,314,383,139,375,262,54,220,5,198,192,440,310,30,473,103,286,360,23,444,296,236,29,416,142,361,175,209,144,180,413,405,205,159,83,374,240,155,114,469,164,307,24,248,482,55,237,193,392,356,150,38,113,466,62,133,127,115,243,122,3,194,177,204,95,424,74,274,386,297,480,418,364,242,265,485,16,486,342,446,128,37,13,441,465,251,181,420,414,492,98,474,367,188,435,432,393,320,280,137,116,7,309,439,134,283,250,282,346,34,169,214,109,202,152,295,86,426,165,238,45,136,223,340,467,170,336,77,41,429,60,277,458,300,245,378,117,4,227,491,125,263,132,92,279,189,379,52,141,244,246,39,215,322,472,281,40,371,422,495,79,18,259,138,179,460,70,305,129,264,106,299,348,85,376,304,308,443,315,46,481,64,362,195,43,350,287,107,385,332,200,67,228,72,161,487,388,201,130,76,226,431,212,398,163,112,276,317,457,2,25,494,119,488,301,97,108,391,10,196,270,167,87,438,382,266,120,410,408,186,498,221,377,178,341,22,176,366,96,290,303,154,241,26,253,476,81,84,89,390,452,73,118,433,145,291,229,326,493,275,210,68,313,216,437,56,478,140,82,123,278,9,343,430,80,298,271,218,425,411,28,58,357,148,459,51,311,65,100,453,21,381,252,468,217,451,337,415,461,396,258,387,257,384,369,406,50,475,448,312,8,104,331,302,455,93,203,231,447,293,347,329,306,462,400,372,90,339,352,454,32,166,6,174,20,428,338,191,91,12,88,219,61,349,44,48,397,249,353,197,351,334,110,0,11,17,15,31,182,268,403,450,
A végeredmény a sorhoz : 559339

